20000	-45.0055555555556
20020	-44.9842105263158
20040	-44.9160000000000
20060	-44.8120000000000
20080	-44.6780000000000
20100	-44.4984210526316
20120	-44.2320000000000
20140	-43.9180000000000
20160	-43.6200000000000
20180	-43.4815000000000
20200	-43.5161111111111
20220	-43.6405263157895
20240	-43.8077777777778
20260	-44.1862500000000
20280	-44.7905263157895
20300	-45.4194117647059
20320	-45.9268421052632
20340	-46.3681250000000
20360	-46.5760000000000
20380	-46.4505263157895
20400	-46.1057894736842
20420	-45.6370588235294
20440	-45.2928571428571
20460	-45.6394117647059
20480	-46.4140000000000
20500	-46.9681250000000
20520	-46.6087500000000
20540	-45.4805882352941
20560	-44.2675000000000
20580	-43.3672727272727
20600	-42.7185000000000
20620	-42.3726086956522
20640	-42.3900000000000
20660	-42.6300000000000
20680	-42.9328571428571
20700	-43.3910526315790
20720	-43.8989473684211
20740	-44.2947368421053
20760	-44.5200000000000
20780	-44.6931578947368
20800	-44.9089473684211
20820	-45.1575000000000
20840	-45.3700000000000
20860	-45.6094117647059
20880	-46.0133333333333
20900	-46.4952941176471
20920	-47.0288235294118
20940	-47.5323529411765
20960	-47.6588235294118
20980	-47.2500000000000
21000	-46.6666666666667
21020	-46.2800000000000
21040	-45.9890476190476
21060	-45.6519047619048
21080	-45.2726315789474
21100	-45.0200000000000
21120	-45.1022222222222
21140	-45.5700000000000
21160	-46.0815789473684
21180	-46.2750000000000
21200	-46.0277777777778
21220	-45.5173684210526
21240	-45.0350000000000
21260	-44.7727272727273
21280	-44.7480000000000
21300	-44.9333333333333
21320	-45.1366666666667
21340	-45.2590909090909
21360	-45.3275000000000
21380	-45.4021052631579
21400	-45.5663157894737
21420	-45.7768421052632
21440	-45.8330000000000
21460	-45.6366666666667
21480	-45.2457894736842
21500	-44.8300000000000
21520	-44.4717391304348
21540	-44.1918181818182
21560	-44.0780000000000
21580	-44.2350000000000
21600	-44.5552380952381
21620	-44.9620000000000
21640	-45.5110526315790
21660	-46.2488235294118
21680	-46.9758823529412
21700	-47.3094444444444
21720	-47.2452941176471
21740	-47.0144444444445
21760	-46.8000000000000
21780	-46.6047368421053
21800	-46.3205263157895
21820	-45.8160000000000
21840	-45.1500000000000
21860	-44.5584210526316
21880	-44.2947619047619
21900	-44.3554545454545
21920	-44.5790909090909
21940	-44.7700000000000
21960	-44.7526086956522
21980	-44.5800000000000
22000	-44.3481818181818
22020	-44.1247826086957
22040	-43.9312500000000
22060	-43.7640000000000
22080	-43.6200000000000
22100	-43.4283333333333
22120	-43.2500000000000
22140	-43.1330434782609
22160	-43.0975000000000
22180	-43.1475000000000
22200	-43.3077272727273
22220	-43.6622727272727
22240	-44.1056000000000
22260	-44.5709090909091
22280	-44.9428571428571
22300	-45.1726315789474
22320	-45.3600000000000
22340	-45.6078947368421
22360	-45.7740000000000
22380	-45.6544444444444
22400	-45.2980000000000
22420	-45.0244444444445
22440	-45.0300000000000
22460	-45.2094444444444
22480	-45.3933333333333
22500	-45.5076190476190
22520	-45.4680000000000
22540	-45.3177777777778
22560	-45.2760000000000
22580	-45.4500000000000
22600	-45.7300000000000
22620	-45.8680000000000
22640	-45.6519047619048
22660	-45.0133333333333
22680	-44.0890000000000
22700	-43.2600000000000
22720	-42.8634782608696
22740	-42.9009090909091
22760	-43.3190909090909
22780	-43.7991666666667
22800	-44.1873913043478
22820	-44.3528571428572
22840	-44.2050000000000
22860	-43.8313636363636
22880	-43.4040000000000
22900	-43.1552631578947
22920	-43.2540000000000
22940	-43.6560000000000
22960	-44.2073684210526
22980	-44.6836363636364
23000	-45.0211111111111
23020	-45.3282352941177
23040	-45.6733333333333
23060	-45.9133333333333
23080	-45.9341176470588
23100	-45.6444444444444
23120	-45.1330000000000
23140	-44.5475000000000
23160	-43.9123076923077
23180	-43.1860869565217
23200	-42.3327272727273
23220	-41.4647826086957
23240	-40.8300000000000
23260	-40.7550000000000
23280	-41.2520000000000
23300	-42.4663157894737
23320	-43.9490476190476
23340	-45.3780000000000
23360	-46.4040000000000
23380	-46.8847368421053
23400	-46.8505263157895
23420	-46.7547368421053
23440	-47.0994736842105
23460	-47.9022222222222
23480	-48.7473684210526
23500	-49.1775000000000
23520	-49.2405555555556
23540	-49.1987500000000
23560	-49.2993750000000
23580	-49.4233333333333
23600	-49.4211111111111
23620	-49.3615789473684
23640	-49.3889473684211
23660	-49.3468421052632
23680	-49.0633333333333
23700	-48.5533333333333
23720	-48.2757894736842
23740	-48.4350000000000
23760	-48.8200000000000
23780	-49.1389473684211
23800	-49.2460000000000
23820	-49.0857894736842
23840	-48.7155555555556
23860	-48.3475000000000
23880	-48.0957142857143
23900	-47.8839130434783
23920	-47.5747826086957
23940	-47.1472727272727
23960	-46.7609090909091
23980	-46.6891304347826
24000	-46.9990476190476
24020	-47.5800000000000
24040	-48.0276190476191
24060	-48.2210000000000
24080	-48.2490000000000
24100	-48.2955000000000
24120	-48.4115000000000
24140	-48.6483333333333
24160	-49.0164705882353
24180	-49.3210526315789
24200	-49.3482352941176
24220	-49.0155555555556
24240	-48.4300000000000
24260	-47.7300000000000
24280	-47.1911111111111
24300	-47.1084210526316
24320	-47.3263636363636
24340	-47.6505263157895
24360	-47.8210526315790
24380	-47.7210000000000
24400	-47.4960000000000
24420	-47.4063157894737
24440	-47.4600000000000
24460	-47.4300000000000
24480	-47.2663636363636
24500	-47.0700000000000
24520	-46.8700000000000
24540	-46.7420000000000
24560	-46.8720000000000
24580	-47.3285714285714
24600	-47.9300000000000
24620	-48.4157142857143
24640	-48.5642857142857
24660	-48.3383333333333
24680	-47.9628571428571
24700	-47.7564705882353
24720	-47.8675000000000
24740	-48.2220000000000
24760	-48.6400000000000
24780	-49.0347058823529
24800	-49.3241176470588
24820	-49.4682352941177
24840	-49.5275000000000
24860	-49.2789473684211
24880	-48.6045000000000
24900	-47.6242105263158
24920	-46.7057142857143
24940	-46.1466666666667
24960	-45.9326315789474
24980	-46.0963157894737
25000	-46.5826315789474
25020	-47.2180000000000
25040	-47.8450000000000
25060	-48.2960000000000
25080	-48.4235000000000
25100	-48.1838888888889
25120	-47.7119047619048
25140	-47.2585714285714
25160	-46.9800000000000
25180	-46.9390909090909
25200	-47.0831818181818
25220	-47.2552173913044
25240	-47.3000000000000
25260	-47.2000000000000
25280	-47.0636363636364
25300	-46.9363157894737
25320	-46.9331578947368
25340	-47.2300000000000
25360	-47.8588888888889
25380	-48.7020000000000
25400	-49.2560000000000
25420	-49.2590476190476
25440	-48.6830000000000
25460	-47.7200000000000
25480	-46.9000000000000
25500	-46.5000000000000
25520	-46.5857142857143
25540	-46.9519047619048
25560	-47.4310000000000
25580	-48.0100000000000
25600	-48.7188888888889
25620	-49.4944444444444
25640	-50.1366666666667
25660	-50.4352631578947
25680	-50.3323529411765
25700	-49.8852941176471
25720	-49.3088235294118
25740	-48.8617647058824
25760	-48.7700000000000
25780	-49.0473684210526
25800	-49.4688888888889
25820	-49.7300000000000
25840	-49.6450000000000
25860	-49.2211111111111
25880	-48.6566666666667
25900	-48.2615789473684
25920	-48.1350000000000
25940	-48.2068421052632
25960	-48.4321052631579
25980	-48.6588888888889
26000	-48.4512500000000
26020	-47.6672222222222
26040	-46.9766666666667
26060	-46.5785714285714
26080	-46.3476190476190
26100	-46.1231578947368
26120	-45.8547368421053
26140	-45.7066666666667
26160	-45.8355555555556
26180	-46.2094117647059
26200	-46.6155555555556
26220	-46.8521052631579
26240	-46.8811111111111
26260	-46.7284210526316
26280	-46.4825000000000
26300	-46.1700000000000
26320	-45.8652380952381
26340	-45.6427272727273
26360	-45.5776190476190
26380	-45.6882608695652
26400	-45.9205555555556
26420	-46.2811764705882
26440	-46.8457142857143
26460	-47.6356250000000
26480	-48.4183333333333
26500	-49.0952941176471
26520	-49.4100000000000
26540	-49.1500000000000
26560	-48.6135294117647
26580	-48.1383333333333
26600	-47.8050000000000
26620	-47.6347368421053
26640	-47.6383333333333
26660	-47.8352631578947
26680	-48.2452941176471
26700	-48.8189473684211
26720	-49.3893333333333
26740	-49.7200000000000
26760	-49.6200000000000
26780	-49.1775000000000
26800	-48.6841176470588
26820	-48.4311764705882
26840	-48.4282352941177
26860	-48.4231578947368
26880	-48.2122222222222
26900	-47.8075000000000
26920	-47.4258823529412
26940	-47.4133333333333
26960	-47.7984210526316
26980	-48.3294736842105
27000	-48.6473684210526
27020	-48.5647058823529
27040	-48.0666666666667
27060	-47.4131578947368
27080	-46.8800000000000
27100	-46.6709090909091
27120	-46.6656521739130
27140	-46.7995454545455
27160	-47.0095000000000
27180	-47.1875000000000
27200	-47.2810526315789
27220	-47.3247058823529
27240	-47.3836842105263
27260	-47.5000000000000
27280	-47.7816666666667
27300	-48.2194117647059
27320	-48.7450000000000
27340	-49.2150000000000
27360	-49.5356250000000
27380	-49.5856250000000
27400	-49.3489473684211
27420	-48.8644444444444
27440	-48.0200000000000
27460	-46.9905263157895
27480	-45.7682352941177
27500	-44.2453333333333
27520	-42.6200000000000
27540	-41.2464705882353
27560	-40.0100000000000
27580	-38.8900000000000
27600	-37.9500000000000
27620	-37.2942857142857
27640	-36.7054545454546
27660	-36.1957142857143
27680	-36.0570000000000
27700	-36.7673684210526
27720	-38.8552941176471
27740	-42.0824000000000
27760	-44.3304000000000
27780	-46.0661538461538
27800	-47.4910526315789
27820	-48.2909523809524
27840	-48.5800000000000
27860	-48.7023809523810
27880	-48.8168421052632
27900	-48.9650000000000
27920	-49.2375000000000
27940	-49.7311111111111
27960	-50.3200000000000
27980	-50.7300000000000
28000	-50.7866666666667
28020	-50.6400000000000
28040	-50.4400000000000
28060	-50.2260000000000
28080	-50.0066666666667
28100	-49.8566666666667
28120	-49.8300000000000
28140	-49.8978947368421
28160	-50.0130000000000
28180	-50.1665000000000
28200	-50.3182352941176
28220	-50.2980000000000
28240	-50.0366666666667
28260	-49.7310526315790
28280	-49.5925000000000
28300	-49.4910526315789
28320	-49.2795238095238
28340	-49.0463157894737
28360	-48.9760000000000
28380	-49.0457894736842
28400	-49.2100000000000
28420	-49.3609523809524
28440	-49.3800000000000
28460	-49.1228571428571
28480	-48.4500000000000
28500	-47.6454545454546
28520	-46.7545454545455
28540	-45.5613636363636
28560	-44.0200000000000
28580	-42.2877777777778
28600	-40.9800000000000
28620	-40.2072222222222
28640	-39.7947368421053
28660	-39.6263157894737
28680	-39.4000000000000
28700	-38.9410526315789
28720	-38.3340000000000
28740	-37.6350000000000
28760	-37.1945000000000
28780	-37.3566666666667
28800	-38.2235294117647
28820	-39.8000000000000
28840	-41.9036842105263
28860	-43.9754545454546
28880	-45.6636363636364
28900	-47
28920	-48.0380952380952
28940	-48.8319047619048
28960	-49.3510000000000
28980	-49.5326315789474
29000	-49.4900000000000
29020	-49.4804761904762
29040	-49.5145454545455
29060	-49.4813636363636
29080	-49.2995454545455
29100	-49.0342857142857
29120	-48.8436363636364
29140	-48.8027272727273
29160	-48.8604761904762
29180	-48.9100000000000
29200	-48.9013043478261
29220	-48.8518181818182
29240	-48.6881818181818
29260	-48.3908695652174
29280	-48.0609090909091
29300	-47.8025000000000
29320	-47.6090476190476
29340	-47.5077272727273
29360	-47.5660869565217
29380	-47.8400000000000
29400	-48.3563636363636
29420	-49.0200000000000
29440	-49.6026086956522
29460	-49.9708695652174
29480	-50.1400000000000
29500	-50.1560000000000
29520	-50.2122222222222
29540	-50.4400000000000
29560	-50.5883333333333
29580	-50.4827777777778
29600	-50.3305263157895
29620	-50.2884210526316
29640	-50.2500000000000
29660	-50.0271428571429
29680	-49.6336363636364
29700	-49.1055555555556
29720	-48.5526315789474
29740	-48.1595000000000
29760	-47.9519047619048
29780	-47.8852380952381
29800	-47.9115000000000
29820	-47.9736842105263
29840	-47.9954545454545
29860	-47.9390909090909
29880	-47.7720000000000
29900	-47.4984210526316
29920	-47.2261111111111
29940	-47.1300000000000
29960	-47.2934782608696
29980	-47.6478947368421
30000	-48.1180000000000
30020	-48.4900000000000
30040	-48.6805000000000
30060	-48.7575000000000
30080	-48.7568421052632
30100	-48.6257142857143
30120	-48.3135294117647
30140	-47.9800000000000
30160	-47.8060000000000
30180	-47.8215789473684
30200	-47.9685714285714
30220	-48.1200000000000
30240	-48.1360869565217
30260	-47.9152631578947
30280	-47.4210000000000
30300	-46.9150000000000
30320	-46.6185714285714
30340	-46.6500000000000
30360	-46.9433333333333
30380	-47.2788888888889
30400	-47.5233333333333
30420	-47.5665384615385
30440	-47.3885000000000
30460	-46.9728571428571
30480	-46.4633333333333
30500	-46.1050000000000
30520	-45.9142857142857
30540	-45.7922727272727
30560	-45.5945454545455
30580	-45.1854545454546
30600	-44.6243478260870
30620	-44.1113043478261
30640	-43.7750000000000
30660	-43.5463636363636
30680	-43.4447368421053
30700	-43.6105555555556
30720	-44.1157142857143
30740	-44.8942105263158
30760	-45.6600000000000
30780	-45.9683333333333
30800	-45.8175000000000
30820	-45.6600000000000
30840	-45.8135294117647
30860	-46.3382352941177
30880	-46.9575000000000
30900	-47.4933333333333
30920	-47.7900000000000
30940	-47.7894736842105
30960	-47.6288888888889
30980	-47.3617647058824
31000	-47.1043750000000
31020	-46.9994117647059
31040	-47.0255555555556
31060	-47
31080	-46.7694117647059
31100	-46.5658823529412
31120	-46.6773684210526
31140	-47.1050000000000
31160	-47.6609523809524
31180	-48.1711764705882
31200	-48.3900000000000
31220	-48.1400000000000
31240	-47.6900000000000
31260	-47.3441176470588
31280	-47.3300000000000
31300	-47.6061904761905
31320	-48.0116666666667
31340	-48.3115789473684
31360	-48.2800000000000
31380	-47.9978947368421
31400	-47.6952631578947
31420	-47.5363157894737
31440	-47.6205263157895
31460	-47.9860000000000
31480	-48.5584210526316
31500	-49.0750000000000
31520	-49.2700000000000
31540	-49.1733333333333
31560	-49.1211764705882
31580	-49.2458823529412
31600	-49.3650000000000
31620	-49.2855555555556
31640	-48.9670588235294
31660	-48.5223529411765
31680	-48.2505555555556
31700	-48.3600000000000
31720	-48.7717647058824
31740	-49.1455555555556
31760	-49.3888235294118
31780	-49.6450000000000
31800	-49.9300000000000
31820	-50.0826315789474
31840	-50.1141176470588
31860	-50.1515789473684
31880	-50.2166666666667
31900	-50.2255555555556
31920	-50.1200000000000
31940	-49.9111111111111
31960	-49.5877777777778
31980	-49.0120000000000
32000	-48.1694736842105
32020	-47.0893750000000
32040	-46.1485000000000
32060	-45.5000000000000
32080	-44.8625000000000
32100	-44.2125000000000
32120	-43.6340000000000
32140	-43.2009523809524
32160	-42.9050000000000
32180	-42.7566666666667
32200	-42.7263636363636
32220	-42.7880000000000
32240	-42.8647058823529
32260	-42.8333333333333
32280	-42.6340000000000
32300	-42.2871428571429
32320	-41.8166666666667
32340	-41.2915000000000
32360	-40.8126315789474
32380	-40.4685714285714
32400	-40.3760000000000
32420	-40.8300000000000
32440	-42.3531250000000
32460	-44.8688235294118
32480	-47.1928571428571
32500	-48.9250000000000
32520	-50.2955000000000
32540	-51.2360000000000
32560	-51.7864705882353
32580	-52.0937500000000
32600	-52.3220000000000
32620	-52.5150000000000
32640	-52.6460000000000
32660	-52.7233333333333
32680	-52.6933333333333
32700	-52.5482352941176
32720	-52.4925000000000
32740	-52.7606250000000
32760	-53.3787500000000
32780	-54.1423529411765
32800	-54.8375000000000
32820	-55.0437500000000
32840	-54.5382352941177
32860	-53.4241176470588
32880	-52.1847368421053
32900	-51.1678947368421
32920	-50.5963157894737
32940	-50.5700000000000
32960	-50.9452631578947
32980	-51.4410000000000
33000	-51.8317391304348
33020	-52.0491304347826
33040	-52.1504761904762
33060	-52.1420000000000
33080	-52.0009090909091
33100	-51.7185714285714
33120	-51.3321052631579
33140	-51.0519047619048
33160	-51.0294736842105
33180	-51.2838095238095
33200	-51.6957142857143
33220	-52.1940000000000
33240	-52.6580000000000
33260	-52.9020000000000
33280	-52.6626315789474
33300	-51.8336842105263
33320	-50.5200000000000
33340	-48.7717647058824
33360	-47.0583333333333
33380	-45.7555555555556
33400	-44.6694736842105
33420	-43.8920000000000
33440	-43.4357142857143
33460	-43.1947368421053
33480	-43.0368421052632
33500	-42.8789473684211
33520	-42.7619047619048
33540	-42.6773684210526
33560	-42.5585714285714
33580	-42.3900000000000
33600	-42.1865000000000
33620	-42.0500000000000
33640	-42.2478947368421
33660	-43.0100000000000
33680	-44.0984000000000
33700	-45.1984000000000
33720	-46.3208695652174
33740	-47.3382608695652
33760	-48.2200000000000
33780	-48.9450000000000
33800	-49.4981818181818
33820	-49.9450000000000
33840	-50.2789473684211
33860	-50.5320000000000
33880	-50.8111111111111
33900	-51.1370000000000
33920	-51.3842857142857
33940	-51.4370000000000
33960	-51.2020000000000
33980	-50.7265000000000
34000	-50.1578947368421
34020	-49.7742857142857
34040	-49.6491666666667
34060	-49.6934782608696
34080	-49.8023809523810
34100	-49.8257142857143
34120	-49.7173913043478
34140	-49.5673913043478
34160	-49.4380000000000
34180	-49.3230000000000
34200	-49.2736363636364
34220	-49.4100000000000
34240	-49.7900000000000
34260	-50.1900000000000
34280	-50.4100000000000
34300	-50.3909523809524
34320	-50.2760000000000
34340	-50.0610000000000
34360	-49.7514285714286
34380	-49.3510000000000
34400	-48.9500000000000
34420	-48.7604347826087
34440	-48.7691304347826
34460	-48.9418181818182
34480	-49.2127272727273
34500	-49.5036363636364
34520	-49.7290909090909
34540	-49.8104761904762
34560	-49.6628571428571
34580	-49.2727272727273
34600	-48.7218181818182
34620	-48.0866666666667
34640	-47.4890909090909
34660	-47.0276190476191
34680	-46.4085714285714
34700	-45.3825000000000
34720	-43.5440000000000
34740	-41.8868750000000
34760	-41.0900000000000
34780	-41.0188235294118
34800	-41.2287500000000
34820	-41.5176470588235
34840	-41.8533333333333
34860	-42.2011111111111
34880	-42.5856250000000
34900	-42.8450000000000
34920	-42.8212500000000
34940	-42.5205263157895
34960	-41.8994117647059
34980	-40.9400000000000
35000	-39.9611111111111
35020	-39.2560000000000
35040	-38.9694117647059
35060	-39.1029411764706
35080	-39.3552631578947
35100	-39.4176470588235
35120	-39.1941176470588
35140	-38.9400000000000
35160	-38.8066666666667
35180	-38.6666666666667
35200	-38.5200000000000
35220	-38.4582352941177
35240	-38.3705555555556
35260	-38.1150000000000
35280	-37.6800000000000
35300	-37.1331578947368
35320	-36.6150000000000
35340	-36.2860000000000
35360	-36.1711111111111
35380	-36.3688888888889
35400	-37.1205882352941
35420	-38.7660000000000
35440	-41.1775000000000
35460	-43.6166666666667
35480	-45.4682352941176
35500	-46.6421052631579
35520	-47.1811111111111
35540	-47.3528571428572
35560	-47.3020000000000
35580	-47.0872727272727
35600	-46.7863636363636
35620	-46.4280000000000
35640	-46.0238095238095
35660	-45.6580000000000
35680	-45.4257142857143
35700	-45.5150000000000
35720	-46.1090000000000
35740	-47.1277777777778
35760	-48.3947058823529
35780	-49.5750000000000
35800	-50.5747058823529
35820	-51.3441176470588
35840	-51.6194117647059
35860	-51.0994117647059
35880	-50.1027777777778
35900	-49.0600000000000
35920	-48.3964705882353
35940	-48.2623529411765
35960	-48.4300000000000
35980	-48.7000000000000
36000	-48.8730000000000
36020	-48.8511764705882
36040	-48.5590000000000
36060	-48.1768421052632
36080	-47.7966666666667
36100	-47.4854545454545
36120	-47.2220000000000
36140	-47.0721052631579
36160	-47.1425000000000
36180	-47.4457894736842
36200	-47.9366666666667
36220	-48.4384210526316
36240	-48.7250000000000
36260	-48.6294736842105
36280	-48.1720000000000
36300	-47.5421052631579
36320	-47.0500000000000
36340	-46.9222222222222
36360	-47.1333333333333
36380	-47.3400000000000
36400	-47.2600000000000
36420	-46.6871428571429
36440	-46.2050000000000
36460	-46.3605882352941
36480	-46.9468421052632
36500	-47.4728571428571
36520	-47.6265000000000
36540	-47.1866666666667
36560	-46.2100000000000
36580	-45.2180000000000
36600	-44.3210000000000
36620	-43.6705263157895
36640	-43.4231578947368
36660	-43.4666666666667
36680	-43.6166666666667
36700	-43.8055555555556
36720	-43.9150000000000
36740	-43.8355555555556
36760	-43.5933333333333
36780	-43.3525000000000
36800	-43.4187500000000
36820	-43.8260000000000
36840	-44.1675000000000
36860	-44.3638095238095
36880	-44.4873684210526
36900	-44.5361111111111
36920	-44.4750000000000
36940	-44.2916666666667
36960	-44.0616666666667
36980	-43.9164705882353
37000	-43.8768421052632
37020	-43.7894736842105
37040	-43.5731578947368
37060	-43.2260000000000
37080	-42.7760000000000
37100	-42.2433333333333
37120	-41.7155555555556
37140	-41.2466666666667
37160	-40.8300000000000
37180	-40.5455555555556
37200	-40.4063157894737
37220	-40.3894736842105
37240	-40.3722222222222
37260	-40.3055555555556
37280	-40.3342105263158
37300	-40.5505555555556
37320	-40.8726315789474
37340	-41.0410526315790
37360	-40.8917647058824
37380	-40.3488888888889
37400	-39.6136842105263
37420	-38.9542105263158
37440	-38.5773684210526
37460	-38.5000000000000
37480	-38.5120000000000
37500	-38.4284210526316
37520	-38.3252631578947
37540	-38.3066666666667
37560	-38.3266666666667
37580	-38.2880000000000
37600	-38.1777777777778
37620	-38.0368421052632
37640	-37.9250000000000
37660	-37.8831578947368
37680	-37.9150000000000
37700	-37.9668421052632
37720	-38.0325000000000
37740	-38.1131578947368
37760	-38.1744444444445
37780	-38.2400000000000
37800	-38.3144444444444
37820	-38.3883333333333
37840	-38.3329411764706
37860	-38.1050000000000
37880	-37.8460000000000
37900	-37.5794736842105
37920	-37.3283333333333
37940	-37.1783333333333
37960	-37.0884210526316
37980	-37.0326315789474
38000	-37.0144444444444
38020	-36.9277777777778
38040	-36.6694736842105
38060	-36.2776470588235
38080	-35.9322222222222
38100	-35.8700000000000
38120	-36.2289473684211
38140	-37.2147058823529
38160	-38.8300000000000
38180	-40.5538095238095
38200	-41.9396000000000
38220	-43.1717391304348
38240	-44.1950000000000
38260	-45.0450000000000
38280	-45.6547368421053
38300	-45.9466666666667
38320	-45.9300000000000
38340	-45.7472727272727
38360	-45.5290909090909
38380	-45.3676190476190
38400	-45.3478947368421
38420	-45.4983333333333
38440	-45.7766666666667
38460	-46.1860000000000
38480	-46.5342857142857
38500	-46.7666666666667
38520	-46.8666666666667
38540	-46.8631578947368
38560	-46.8318181818182
38580	-46.8494736842105
38600	-47.0270588235294
38620	-47.4285000000000
38640	-47.9757894736842
38660	-48.5231578947368
38680	-48.8733333333333
38700	-48.9223529411765
38720	-48.7612500000000
38740	-48.6064705882353
38760	-48.5300000000000
38780	-48.4550000000000
38800	-48.3317391304348
38820	-48.1415789473684
38840	-47.8623809523810
38860	-47.5542857142857
38880	-47.2294736842105
38900	-46.9282352941177
38920	-46.8200000000000
38940	-47.1200000000000
38960	-47.9022222222222
38980	-49.0311764705882
39000	-49.9588888888889
39020	-50.3842105263158
39040	-50.4683333333333
39060	-50.3758823529412
39080	-50.1360000000000
39100	-49.7094117647059
39120	-49.1829411764706
39140	-48.8594117647059
39160	-48.8878947368421
39180	-49.1022222222222
39200	-49.3847058823530
39220	-49.5650000000000
39240	-49.5626315789474
39260	-49.4100000000000
39280	-49.2510526315790
39300	-49.1890000000000
39320	-49.2188888888889
39340	-49.2100000000000
39360	-49.0222222222222
39380	-48.7694117647059
39400	-48.7361111111111
39420	-49.0242857142857
39440	-49.4372727272727
39460	-49.7720000000000
39480	-49.7626315789474
39500	-49.2850000000000
39520	-48.6771428571429
39540	-48.3533333333333
39560	-48.4676190476191
39580	-48.7673684210526
39600	-48.9200000000000
39620	-48.8500000000000
39640	-48.6657894736842
39660	-48.5766666666667
39680	-48.6350000000000
39700	-48.7918181818182
39720	-48.9680952380952
39740	-49.1600000000000
39760	-49.3600000000000
39780	-49.5572727272727
39800	-49.7300000000000
39820	-49.7422222222222
39840	-49.3200000000000
39860	-48.4726315789474
39880	-47.5072727272727
39900	-46.5890909090909
39920	-45.6242857142857
39940	-44.5668421052632
39960	-43.5320000000000
39980	-42.7776190476190
40000	-42.2614285714286
40020	-41.8900000000000
40040	-41.6800000000000
40060	-41.7700000000000
40080	-42.2700000000000
40100	-43.2700000000000
40120	-44.8066666666667
40140	-46.4766666666667
40160	-47.5994736842105
40180	-47.9960000000000
40200	-47.9500000000000
40220	-47.7456250000000
40240	-47.5950000000000
40260	-47.4921052631579
40280	-47.3900000000000
40300	-47.3366666666667
40320	-47.3394117647059
40340	-47.3100000000000
40360	-47.2400000000000
40380	-47.2052173913044
40400	-47.2000000000000
40420	-47.2000000000000
40440	-47.1526315789474
40460	-47.1147368421053
40480	-47.1950000000000
40500	-47.5373684210526
40520	-48.0966666666667
40540	-48.7500000000000
40560	-49.2800000000000
40580	-49.5425000000000
40600	-49.5300000000000
40620	-49.3133333333333
40640	-49.1687500000000
40660	-49.2666666666667
40680	-49.6800000000000
40700	-50.0400000000000
40720	-49.8789473684211
40740	-49.0694117647059
40760	-47.7400000000000
40780	-46.4526315789474
40800	-45.6316666666667
40820	-45.1761111111111
40840	-44.9547368421053
40860	-44.7757894736842
40880	-44.5185714285714
40900	-44.1060000000000
40920	-43.4011111111111
40940	-42.4084210526316
40960	-41.2700000000000
40980	-40.2371428571429
41000	-39.3800000000000
41020	-38.7591666666667
41040	-38.3928571428571
41060	-38.2725000000000
41080	-38.3923809523810
41100	-38.6044444444445
41120	-38.7420000000000
41140	-38.6115789473684
41160	-38.3430000000000
41180	-38.1545000000000
41200	-37.9961111111111
41220	-37.7189473684211
41240	-37.3122222222222
41260	-36.9260000000000
41280	-36.6040000000000
41300	-36.2040000000000
41320	-35.6780000000000
41340	-35.1973684210526
41360	-35.1150000000000
41380	-35.8988235294118
41400	-37.9436842105263
41420	-40.6300000000000
41440	-43.3059090909091
41460	-45.2594736842105
41480	-46.8064705882353
41500	-47.8741176470588
41520	-48.4747368421053
41540	-48.6471428571429
41560	-48.5289473684211
41580	-48.2523529411765
41600	-48.0605263157895
41620	-48.0336842105263
41640	-48.0729411764706
41660	-48.1177777777778
41680	-48.2884210526316
41700	-48.6684210526316
41720	-49.1368421052632
41740	-49.4533333333333
41760	-49.4000000000000
41780	-48.9976470588235
41800	-48.5866666666667
41820	-48.4768421052632
41840	-48.6715789473684
41860	-48.9575000000000
41880	-49.1182352941177
41900	-49.0600000000000
41920	-49.0252631578947
41940	-49.1378947368421
41960	-49.2994736842105
41980	-49.3310526315789
42000	-49.2155555555556
42020	-49.0105555555556
42040	-48.7089473684211
42060	-48.3000000000000
42080	-47.8427272727273
42100	-47.4420000000000
42120	-47.2318181818182
42140	-47.2300000000000
42160	-47.3052173913043
42180	-47.2871428571429
42200	-47.0350000000000
42220	-46.4411111111111
42240	-45.4188888888889
42260	-44.3433333333333
42280	-43.6652380952381
42300	-43.4045454545455
42320	-43.3625000000000
42340	-43.4300000000000
42360	-43.5775000000000
42380	-43.8722222222222
42400	-44.4073684210526
42420	-44.9947368421053
42440	-45.3950000000000
42460	-45.4594736842105
42480	-45.3352631578947
42500	-45.1861111111111
42520	-44.9850000000000
42540	-44.6300000000000
42560	-44.0973684210526
42580	-43.5675000000000
42600	-43.1468181818182
42620	-42.6915000000000
42640	-42.1772727272727
42660	-41.7056521739130
42680	-41.3445454545455
42700	-41.1078260869565
42720	-40.9408000000000
42740	-40.8128000000000
42760	-40.6854545454545
42780	-40.5560000000000
42800	-40.4340000000000
42820	-40.2900000000000
42840	-40.0747368421053
42860	-39.7850000000000
42880	-39.5020000000000
42900	-39.3155000000000
42920	-39.1280952380952
42940	-38.8281818181818
42960	-38.3766666666667
42980	-37.8904761904762
43000	-37.5472727272727
43020	-37.4200000000000
43040	-37.5533333333333
43060	-37.9794736842105
43080	-38.7005263157895
43100	-39.5273684210526
43120	-40.3823529411765
43140	-41.1625000000000
43160	-41.5388888888889
43180	-41.4466666666667
43200	-40.9161111111111
43220	-40.3305555555556
43240	-40.0500000000000
43260	-40.3370588235294
43280	-41.5229411764706
43300	-43.1890476190476
43320	-44.8726086956522
43340	-46.4321739130435
43360	-47.8609523809524
43380	-49.1600000000000
43400	-50.2783333333333
43420	-51.1752941176471
43440	-51.7800000000000
43460	-52.0778947368421
43480	-52.3600000000000
43500	-52.8300000000000
43520	-53.4300000000000
43540	-53.9505555555556
43560	-54.2023529411765
43580	-54
43600	-53.3064705882353
43620	-52.2466666666667
43640	-51.1366666666667
43660	-50.2305000000000
43680	-49.6780000000000
43700	-49.4575000000000
43720	-49.4615000000000
43740	-49.5042857142857
43760	-49.4660000000000
43780	-49.3368421052632
43800	-49.2500000000000
43820	-49.4211111111111
43840	-49.9405263157895
43860	-50.6760000000000
43880	-51.5111764705882
43900	-51.9889473684211
43920	-51.8594736842105
43940	-51.0377777777778
43960	-50.0810526315790
43980	-49.5284210526316
44000	-49.5776470588235
44020	-50.1495000000000
44040	-50.8550000000000
44060	-51.5900000000000
44080	-52.1761111111111
44100	-52.3352941176471
44120	-52.0105882352941
44140	-51.3382352941176
44160	-50.6900000000000
44180	-50.5052941176471
44200	-50.7331250000000
44220	-50.8744444444445
44240	-50.5194444444444
44260	-49.6785000000000
44280	-48.6336842105263
44300	-47.3705263157895
44320	-46.0178947368421
44340	-44.7000000000000
44360	-43.5981818181818
44380	-42.7660000000000
44400	-42.1626315789474
44420	-41.9350000000000
44440	-42.1363157894737
44460	-42.7090000000000
44480	-43.5100000000000
44500	-44.4209090909091
44520	-45.2684210526316
44540	-46.0533333333333
44560	-46.5389473684211
44580	-46.6720833333333
44600	-46.5100000000000
44620	-46.0110526315790
44640	-45.2000000000000
44660	-44.3350000000000
44680	-43.7852380952381
44700	-43.6423809523810
44720	-43.8305263157895
44740	-44.1640000000000
44760	-44.4755555555556
44780	-44.7457894736842
44800	-45.0168421052632
44820	-45.3040000000000
44840	-45.4642105263158
44860	-45.3136842105263
44880	-44.8505263157895
44900	-44.2710000000000
44920	-43.6910000000000
44940	-43.1605000000000
44960	-42.7663157894737
44980	-42.6084210526316
45000	-42.6584210526316
45020	-42.7563157894737
45040	-42.7500000000000
45060	-42.6066666666667
45080	-42.3831578947368
45100	-42.1421052631579
45120	-41.9128571428571
45140	-41.6552173913044
45160	-41.3828571428571
45180	-41.2266666666667
45200	-41.2704761904762
45220	-41.4526315789474
45240	-41.6145000000000
45260	-41.6942105263158
45280	-41.7615789473684
45300	-41.7563157894737
45320	-41.5366666666667
45340	-41.0616666666667
45360	-40.4445000000000
45380	-39.7057894736842
45400	-38.9573684210526
45420	-38.4404761904762
45440	-38.2005263157895
45460	-38.2866666666667
45480	-38.4311111111111
45500	-38.4310000000000
45520	-38.2357894736842
45540	-37.8442105263158
45560	-37.4040000000000
45580	-37.0588888888889
45600	-36.8400000000000
45620	-36.6900000000000
45640	-36.5800000000000
45660	-36.5350000000000
45680	-36.5300000000000
45700	-36.4940000000000
45720	-36.4194736842105
45740	-36.3364705882353
45760	-36.3200000000000
45780	-36.3600000000000
45800	-36.2794736842105
45820	-36.0689473684211
45840	-35.8742105263158
45860	-35.7960000000000
45880	-35.8431578947368
45900	-35.9525000000000
45920	-35.9875000000000
45940	-35.7900000000000
45960	-35.3580000000000
45980	-34.8100000000000
46000	-34.3520000000000
46020	-34.1242105263158
46040	-34.2005263157895
46060	-34.4480000000000
46080	-34.6800000000000
46100	-34.7757894736842
46120	-34.7300000000000
46140	-34.6263157894737
46160	-34.4915789473684
46180	-34.3815000000000
46200	-34.3565000000000
46220	-34.4280952380952
46240	-34.5766666666667
46260	-34.7490000000000
46280	-34.9088888888889
46300	-34.9736842105263
46320	-34.9800000000000
46340	-34.9768421052632
46360	-34.9010000000000
46380	-34.6970000000000
46400	-34.3600000000000
46420	-33.9680000000000
46440	-33.6727272727273
46460	-33.6000000000000
46480	-33.7727272727273
46500	-34.0960000000000
46520	-34.4800000000000
46540	-34.6911111111111
46560	-34.5440000000000
46580	-34.1294117647059
46600	-33.6300000000000
46620	-33.3563157894737
46640	-33.2411111111111
46660	-33.1258823529412
46680	-33.0326315789474
46700	-32.9663157894737
46720	-32.8557894736842
46740	-32.7523529411765
46760	-33.1405882352941
46780	-34.3347368421053
46800	-36.1760000000000
46820	-38.2166666666667
46840	-40.0743478260870
46860	-41.7855000000000
46880	-43.2747368421053
46900	-44.3240000000000
46920	-44.9340000000000
46940	-45.2540000000000
46960	-45.3821052631579
46980	-45.3873684210526
47000	-45.2821052631579
47020	-45.0782352941177
47040	-44.8540000000000
47060	-44.7231578947368
47080	-44.7852631578947
47100	-45.0642105263158
47120	-45.4384210526316
47140	-45.7233333333333
47160	-45.7900000000000
47180	-45.7478947368421
47200	-45.7489473684211
47220	-45.7590000000000
47240	-45.6070000000000
47260	-45.2100000000000
47280	-44.7394736842105
47300	-44.4878947368421
47320	-44.6160000000000
47340	-45.1222222222222
47360	-45.9615789473684
47380	-46.8125000000000
47400	-47.5275000000000
47420	-47.9589473684211
47440	-48.0600000000000
47460	-47.8666666666667
47480	-47.3540000000000
47500	-46.5320000000000
47520	-45.5736842105263
47540	-44.8133333333333
47560	-44.3850000000000
47580	-44.2657142857143
47600	-44.4650000000000
47620	-44.9850000000000
47640	-45.7600000000000
47660	-46.6450000000000
47680	-47.4280952380952
47700	-47.9847368421053
47720	-48.2163157894737
47740	-48.0994444444444
47760	-47.6811764705882
47780	-47.0644444444445
47800	-46.4031578947368
47820	-45.9235000000000
47840	-45.8004761904762
47860	-46.0027272727273
47880	-46.3540000000000
47900	-46.6280952380952
47920	-46.7581818181818
47940	-46.8355000000000
47960	-46.9284210526316
47980	-47.0133333333333
48000	-47.0605263157895
48020	-47.1330000000000
48040	-47.3736842105263
48060	-47.8842105263158
48080	-48.5600000000000
48100	-49.2777777777778
48120	-49.7200000000000
48140	-49.6777777777778
48160	-49.3355555555556
48180	-48.9484210526316
48200	-48.6800000000000
48220	-48.4700000000000
48240	-48.1940000000000
48260	-47.7860000000000
48280	-47.2565000000000
48300	-46.6989473684210
48320	-46.2400000000000
48340	-45.8871428571429
48360	-45.5800000000000
48380	-45.2604347826087
48400	-44.8847826086957
48420	-44.4500000000000
48440	-43.9500000000000
48460	-43.4285714285714
48480	-42.9165000000000
48500	-42.5255000000000
48520	-42.3618181818182
48540	-42.3845454545455
48560	-42.5400000000000
48580	-42.7266666666667
48600	-42.8609090909091
48620	-42.9052173913044
48640	-42.8527272727273
48660	-42.7070000000000
48680	-42.5090000000000
48700	-42.3671428571429
48720	-42.2957142857143
48740	-42.2240000000000
48760	-42.0533333333333
48780	-41.6800000000000
48800	-41.0704761904762
48820	-40.2800000000000
48840	-39.5561904761905
48860	-39.0018181818182
48880	-38.5800000000000
48900	-38.3014285714286
48920	-38.2160000000000
48940	-38.3290000000000
48960	-38.6810000000000
48980	-39.3405263157895
49000	-40.3133333333333
49020	-41.3378947368421
49040	-42.0250000000000
49060	-42.0810000000000
49080	-41.3690000000000
49100	-40.1920000000000
49120	-38.9630000000000
49140	-38.0300000000000
49160	-37.3908695652174
49180	-37.0476190476191
49200	-37.2120000000000
49220	-38.0747368421053
49240	-39.6423529411765
49260	-41.3866666666667
49280	-42.8105263157895
49300	-43.8900000000000
49320	-44.7266666666667
49340	-45.2350000000000
49360	-45.4400000000000
49380	-45.3936842105263
49400	-45.1063157894737
49420	-44.6621052631579
49440	-44.1600000000000
49460	-43.7042105263158
49480	-43.3189473684211
49500	-43.0015000000000
49520	-42.7759090909091
49540	-42.5747619047619
49560	-42.2938095238095
49580	-41.8678947368421
49600	-41.4050000000000
49620	-41.0950000000000
49640	-40.9757142857143
49660	-40.9742105263158
49680	-41.0066666666667
49700	-41.0260000000000
49720	-41.0360000000000
49740	-41.0266666666667
49760	-41.0340000000000
49780	-41.1284210526316
49800	-41.3452941176471
49820	-41.6500000000000
49840	-41.9780000000000
49860	-42.2510526315789
49880	-42.4315789473684
49900	-42.3957894736842
49920	-42.1221052631579
49940	-41.6730000000000
49960	-41.1985714285714
49980	-40.8033333333333
50000	-40.5880952380952
50020	-40.6257894736842
50040	-40.9710526315789
50060	-41.4657894736842
50080	-41.8594736842105
50100	-42.0100000000000
50120	-41.9552631578947
50140	-41.8000000000000
50160	-41.6222222222222
50180	-41.5228571428571
50200	-41.5568421052632
50220	-41.7336842105263
50240	-41.9866666666667
50260	-42.2000000000000
50280	-42.3338888888889
50300	-42.2775000000000
50320	-42.0231578947368
50340	-41.6917647058824
50360	-41.4438888888889
50380	-41.3315789473684
50400	-41.2818181818182
50420	-41.1990000000000
50440	-40.9866666666667
50460	-40.7200000000000
50480	-40.6771428571429
50500	-40.8644444444444
50520	-41.1442105263158
50540	-41.3772222222222
50560	-41.4773684210526
50580	-41.4057894736842
50600	-41.1945000000000
50620	-40.9631578947368
50640	-40.8500000000000
50660	-40.8731578947368
50680	-40.9090000000000
50700	-40.9884210526316
50720	-41.2082352941176
50740	-41.5315000000000
50760	-41.7789473684211
50780	-41.8673684210526
50800	-41.7690000000000
50820	-41.5550000000000
50840	-41.3589473684211
50860	-41.3333333333333
50880	-41.5444444444444
50900	-41.8442105263158
50920	-41.9884210526316
50940	-41.8578947368421
50960	-41.5973684210526
50980	-41.3478947368421
51000	-41.1400000000000
51020	-41.0664705882353
51040	-41.2544444444444
51060	-41.5645454545455
51080	-41.8611111111111
51100	-42.0555555555556
51120	-42.0788235294118
51140	-42.0116666666667
51160	-41.9800000000000
51180	-42.1138888888889
51200	-42.3958823529412
51220	-42.6478947368421
51240	-42.6638888888889
51260	-42.3217647058824
51280	-41.7500000000000
51300	-41.2438888888889
51320	-40.9883333333333
51340	-40.8615789473684
51360	-40.7510000000000
51380	-40.7115789473684
51400	-40.9500000000000
51420	-41.4945000000000
51440	-42.1847368421053
51460	-42.8644444444444
51480	-43.3775000000000
51500	-43.7033333333333
51520	-43.9333333333333
51540	-44.0429411764706
51560	-43.9173684210526
51580	-43.4200000000000
51600	-42.5819047619048
51620	-41.3700000000000
51640	-40.2000000000000
51660	-39.2405263157895
51680	-38.6955555555556
51700	-38.6305263157895
51720	-38.9410526315790
51740	-39.4505263157895
51760	-40.0078947368421
51780	-40.4773684210526
51800	-40.7643750000000
51820	-40.7722222222222
51840	-40.5000000000000
51860	-40.0061111111111
51880	-39.4900000000000
51900	-39.2000000000000
51920	-39.1775000000000
51940	-39.3315000000000
51960	-39.5663157894737
51980	-39.8850000000000
52000	-40.1140000000000
52020	-40.1272727272727
52040	-39.9000000000000
52060	-39.5272727272727
52080	-39.1205263157895
52100	-38.8104761904762
52120	-38.5427272727273
52140	-38.2919047619048
52160	-38.1175000000000
52180	-38.1228571428571
52200	-38.3466666666667
52220	-38.7750000000000
52240	-39.2852631578947
52260	-39.6811111111111
52280	-39.8833333333333
52300	-40
52320	-40.1763157894737
52340	-40.2810000000000
52360	-40.1652631578947
52380	-39.8000000000000
52400	-39.3473684210526
52420	-38.9700000000000
52440	-38.7677777777778
52460	-38.8344444444444
52480	-39.0678947368421
52500	-39.2510000000000
52520	-39.3688235294118
52540	-39.5588888888889
52560	-39.8926315789474
52580	-40.2700000000000
52600	-40.4883333333333
52620	-40.5182352941176
52640	-40.4570588235294
52660	-40.3617647058824
52680	-40.2444444444444
52700	-40.1357894736842
52720	-39.9972222222222
52740	-39.7994117647059
52760	-39.6055555555556
52780	-39.5066666666667
52800	-39.4933333333333
52820	-39.5731578947368
52840	-39.7342105263158
52860	-39.8664705882353
52880	-39.8282352941177
52900	-39.6850000000000
52920	-39.4900000000000
52940	-39.2405000000000
52960	-39.0585000000000
52980	-39.0400000000000
53000	-39.2473684210526
53020	-39.5933333333333
53040	-39.9000000000000
53060	-40.0466666666667
53080	-40.0111111111111
53100	-39.8710526315790
53120	-39.6900000000000
53140	-39.4180000000000
53160	-39.0214285714286
53180	-38.6000000000000
53200	-38.4145000000000
53220	-38.5330000000000
53240	-38.8221052631579
53260	-39.0988888888889
53280	-39.1668421052632
53300	-39.0094444444445
53320	-38.8638888888889
53340	-38.9633333333333
53360	-39.1577777777778
53380	-39.1988888888889
53400	-39.0700000000000
53420	-38.9147368421053
53440	-38.8157894736842
53460	-38.7838095238095
53480	-38.7666666666667
53500	-38.6822222222222
53520	-38.4822222222222
53540	-38.2700000000000
53560	-38.1305882352941
53580	-38.2066666666667
53600	-38.6066666666667
53620	-39.1589473684211
53640	-39.6700000000000
53660	-39.9957894736842
53680	-40.0357894736842
53700	-39.8111764705882
53720	-39.3588888888889
53740	-38.7510526315790
53760	-38.1215000000000
53780	-37.4489473684211
53800	-36.8410000000000
53820	-36.3752941176471
53840	-36.2511111111111
53860	-36.6678947368421
53880	-37.6700000000000
53900	-39.1030000000000
53920	-40.5473684210526
53940	-41.6126315789474
53960	-41.8814285714286
53980	-41.0975000000000
54000	-39.3900000000000
54020	-37.7735294117647
54040	-36.8784210526316
54060	-36.4084210526316
54080	-36.2150000000000
54100	-36.3150000000000
54120	-36.7011111111111
54140	-37.5623076923077
54160	-39.6740000000000
54180	-42.1790000000000
54200	-44.4281818181818
54220	-46.3242857142857
54240	-47.7600000000000
54260	-48.5600000000000
54280	-48.7611764705882
54300	-48.5658823529412
54320	-48.3117647058824
54340	-48.2236842105263
54360	-48.2805263157895
54380	-48.4650000000000
54400	-48.7633333333333
54420	-49.1577777777778
54440	-49.5200000000000
54460	-49.5960000000000
54480	-49.3590000000000
54500	-48.9030000000000
54520	-48.3844444444444
54540	-48.0273684210526
54560	-47.8761111111111
54580	-47.8510000000000
54600	-47.7740000000000
54620	-47.6704761904762
54640	-47.5454545454546
54660	-47.4254545454546
54680	-47.2804347826087
54700	-47.0650000000000
54720	-46.7580000000000
54740	-46.4160000000000
54760	-46.1336363636364
54780	-45.8582608695652
54800	-45.4523076923077
54820	-44.8138461538462
54840	-43.8500000000000
54860	-42.5814285714286
54880	-41.3465217391304
54900	-40.5580000000000
54920	-40.6121052631579
54940	-41.7300000000000
54960	-43.3065217391304
54980	-44.8740000000000
55000	-46.2800000000000
55020	-47.2425000000000
55040	-47.8550000000000
55060	-48.1730000000000
55080	-48.1809523809524
55100	-47.9820000000000
55120	-47.6266666666667
55140	-47.3970000000000
55160	-47.4071428571429
55180	-47.5947619047619
55200	-47.8368181818182
55220	-47.9731818181818
55240	-47.8804761904762
55260	-47.5100000000000
55280	-46.8590476190476
55300	-46.1415384615385
55320	-45.3600000000000
55340	-44.4987500000000
55360	-43.5565000000000
55380	-42.2871428571429
55400	-41.0300000000000
55420	-40.0100000000000
55440	-39.5554545454545
55460	-39.4239130434783
55480	-39.4409090909091
55500	-39.5185000000000
55520	-39.6065217391304
55540	-39.6934782608696
55560	-39.7500000000000
55580	-39.7010000000000
55600	-39.4972222222222
55620	-39.1494736842105
55640	-38.8409523809524
55660	-38.7384210526316
55680	-39.0588888888889
55700	-39.8840000000000
55720	-40.9800000000000
55740	-42.2872727272727
55760	-43.7960869565217
55780	-45.2850000000000
55800	-46.7157142857143
55820	-47.7100000000000
55840	-48.2910000000000
55860	-48.4960000000000
55880	-48.4114285714286
55900	-48.2400000000000
55920	-48.1085000000000
55940	-48.0800000000000
55960	-48.0765000000000
55980	-48
56000	-47.8000000000000
56020	-47.4571428571429
56040	-47.0410000000000
56060	-46.6745454545455
56080	-46.4113636363636
56100	-46.3071428571429
56120	-46.3740000000000
56140	-46.5245454545455
56160	-46.6369565217391
56180	-46.6542857142857
56200	-46.5819047619048
56220	-46.5233333333333
56240	-46.5647368421053
56260	-46.6633333333333
56280	-46.6932000000000
56300	-46.6314285714286
56320	-46.4600000000000
56340	-46.3076190476190
56360	-46.2145000000000
56380	-46.1435000000000
56400	-45.9300000000000
56420	-45.4720000000000
56440	-44.9140000000000
56460	-44.4005263157895
56480	-44.0250000000000
56500	-43.7800000000000
56520	-43.5784210526316
56540	-43.3531578947368
56560	-43.0536363636364
56580	-42.6928571428571
56600	-42.2363157894737
56620	-41.7016666666667
56640	-41.2047368421053
56660	-40.8350000000000
56680	-40.6378947368421
56700	-40.6250000000000
56720	-40.7673684210526
56740	-41.0178947368421
56760	-41.3375000000000
56780	-41.6854545454546
56800	-42.0166666666667
56820	-42.2836842105263
56840	-42.3965000000000
56860	-42.3494736842105
56880	-42.2509090909091
56900	-42.1905263157895
56920	-42.1735000000000
56940	-42.2131578947368
56960	-42.3780000000000
56980	-42.7080000000000
57000	-43.1284210526316
57020	-43.4357894736842
57040	-43.4255555555556
57060	-43.1033333333333
57080	-42.6505882352941
57100	-42.3371428571429
57120	-42.1636363636364
57140	-42.0978947368421
57160	-42.1575000000000
57180	-42.3300000000000
57200	-42.5300000000000
57220	-42.5940000000000
57240	-42.4461904761905
57260	-42.0820000000000
57280	-41.6072727272727
57300	-41.1030000000000
57320	-40.7100000000000
57340	-40.4939130434783
57360	-40.3927272727273
57380	-40.3426086956522
57400	-40.3028571428571
57420	-40.2761904761905
57440	-40.2531818181818
57460	-40.2021739130435
57480	-40.0456521739130
57500	-39.8265217391304
57520	-39.5859090909091
57540	-39.3514285714286
57560	-39.2060000000000
57580	-39.2660000000000
57600	-39.5160000000000
57620	-39.7780000000000
57640	-39.8908695652174
57660	-39.8363636363636
57680	-39.5966666666667
57700	-39.1936363636364
57720	-38.7360000000000
57740	-38.3060000000000
57760	-38.0820000000000
57780	-38.0773684210526
57800	-38.2431578947369
57820	-38.5466666666667
57840	-39.0240000000000
57860	-39.5547826086957
57880	-39.9765217391304
57900	-40.1666666666667
57920	-40.0333333333333
57940	-39.6694736842105
57960	-39.5994117647059
57980	-40.5900000000000
58000	-42.3504347826087
58020	-43.9939130434783
58040	-45.4276000000000
58060	-46.1796000000000
58080	-46.3300000000000
58100	-45.7169565217391
58120	-44.4128571428571
58140	-42.4088888888889
58160	-40.3072222222222
58180	-39.0037500000000
58200	-39.4566666666667
58220	-41.0947619047619
58240	-43.0552631578947
58260	-45.1280000000000
58280	-46.7260000000000
58300	-47.9200000000000
58320	-48.7855555555556
58340	-49.1850000000000
58360	-49.2478947368421
58380	-49.0388888888889
58400	-48.7285000000000
58420	-48.4827777777778
58440	-48.3321739130435
58460	-48.2380000000000
58480	-48.0300000000000
58500	-47.4484210526316
58520	-46.4868421052632
58540	-45.2700000000000
58560	-43.8690000000000
58580	-42.4950000000000
58600	-41.2850000000000
58620	-40.3450000000000
58640	-39.8633333333333
58660	-39.7576470588235
58680	-40.0355555555556
58700	-40.7990000000000
58720	-41.7710000000000
58740	-42.4614285714286
58760	-42.7583333333333
58780	-42.6686363636364
58800	-42.0935000000000
58820	-41.2000000000000
58840	-40.2095454545455
58860	-39.1769565217391
58880	-38.2042857142857
58900	-37.4113636363636
58920	-36.8291304347826
58940	-36.4117391304348
58960	-36.3185714285714
58980	-36.6245000000000
59000	-37.5700000000000
59020	-39.1704347826087
59040	-40.8747826086957
59060	-42.5750000000000
59080	-44.1250000000000
59100	-45.3990476190476
59120	-46.2542857142857
59140	-46.6500000000000
59160	-46.7095000000000
59180	-46.4526086956522
59200	-45.8611111111111
59220	-44.9648148148148
59240	-43.4988000000000
59260	-41.6558333333333
59280	-39.3547368421053
59300	-37.2700000000000
59320	-35.8875000000000
59340	-35.3190000000000
59360	-35.8295000000000
59380	-37.3921052631579
59400	-39.5590909090909
59420	-41.6452000000000
59440	-43.5131818181818
59460	-45.2408695652174
59480	-46.4582608695652
59500	-47.3163636363636
59520	-47.8380952380952
59540	-48.0522727272727
59560	-48.0110526315790
59580	-47.7433333333333
59600	-47.3417391304348
59620	-46.8057142857143
59640	-46.1405000000000
59660	-45.4800000000000
59680	-45.0257142857143
59700	-44.9209523809524
59720	-45.2300000000000
59740	-45.8900000000000
59760	-46.5800000000000
59780	-47.0857142857143
59800	-47.2619047619048
59820	-47.0509090909091
59840	-46.5954545454545
59860	-46.0500000000000
59880	-45.6500000000000
59900	-45.4985714285714
59920	-45.5735000000000
59940	-45.7519047619048
59960	-45.8814285714286
59980	-45.9372727272727
60000	-45.9890000000000
60020	-46.1075000000000
60040	-46.2694736842105
60060	-46.3900000000000
60080	-46.4126315789474
60100	-46.3389473684211
60120	-46.2160000000000
60140	-46.0460000000000
60160	-45.8042857142857
60180	-45.4700000000000
60200	-45.1100000000000
60220	-44.8250000000000
60240	-44.6775000000000
60260	-44.7100000000000
60280	-44.8650000000000
60300	-45.0525000000000
60320	-45.1900000000000
60340	-45.2500000000000
60360	-45.2675000000000
60380	-45.2625000000000
60400	-45.2450000000000
60420	-45.2025000000000
60440	-45.1300000000000
60460	-45.0350000000000
60480	-44.9125000000000
60500	-44.7975000000000
60520	-44.6950000000000
60540	-44.6400000000000
60560	-44.6375000000000
60580	-44.6700000000000
60600	-44.7175000000000
60620	-44.7675000000000
60640	-44.8475000000000
60660	-44.9975000000000
60680	-45.2275000000000
60700	-45.5150000000000
60720	-45.7850000000000
60740	-45.9925000000000
60760	-46.1075000000000
60780	-46.1150000000000
60800	-46.0575000000000
60820	-47.0075000000000
60840	-47.2250000000000
60860	-47.0925000000000
60880	-46.9850000000000
60900	-46.9675000000000
60920	-47.1200000000000
60940	-47.4550000000000
60960	-47.8725000000000
60980	-48.1900000000000
61000	-48.2450000000000
61020	-48.0375000000000
61040	-47.7375000000000
61060	-47.5475000000000
61080	-47.5475000000000
61100	-47.6275000000000
61120	-47.6275000000000
61140	-47.4925000000000
61160	-47.3075000000000
61180	-47.2075000000000
61200	-47.2575000000000
61220	-47.3850000000000
61240	-47.4725000000000
61260	-47.4075000000000
61280	-47.1550000000000
61300	-46.7875000000000
61320	-46.4125000000000
61340	-46.1250000000000
61360	-45.9850000000000
61380	-45.9825000000000
61400	-46.1325000000000
61420	-46.4500000000000
61440	-46.8550000000000
61460	-47.4250000000000
61480	-48.0900000000000
61500	-48.7025000000000
61520	-49.1200000000000
61540	-49.2025000000000
61560	-48.9675000000000
61580	-48.5000000000000
61600	-47.8825000000000
61620	-47.2400000000000
61640	-46.6900000000000
61660	-46.2975000000000
61680	-46.1350000000000
61700	-46.2750000000000
61720	-46.6675000000000
61740	-47.2225000000000
61760	-47.8050000000000
61780	-48.2575000000000
61800	-48.4350000000000
61820	-48.3025000000000
61840	-47.9125000000000
61860	-47.4100000000000
61880	-46.9875000000000
61900	-46.7775000000000
61920	-46.8525000000000
61940	-47.1825000000000
61960	-47.6700000000000
61980	-48.1750000000000
62000	-48.5850000000000
62020	-48.8150000000000
62040	-48.8150000000000
62060	-48.5900000000000
62080	-48.2200000000000
62100	-47.8125000000000
62120	-47.4968421052632
62140	-47.4247619047619
62160	-47.5850000000000
62180	-47.9250000000000
62200	-48.2900000000000
62220	-48.5225000000000
62240	-48.5271428571429
62260	-48.3184210526316
62280	-47.9950000000000
62300	-47.7000000000000
62320	-47.5475000000000
62340	-47.5800000000000
62360	-47.8025000000000
62380	-48.1550000000000
62400	-48.5350000000000
62420	-48.8550000000000
62440	-49.0500000000000
62460	-49.1050000000000
62480	-49.0575000000000
62500	-48.9350000000000
62520	-48.7800000000000
62540	-48.6125000000000
62560	-48.4275000000000
62580	-48.2525000000000
62600	-48.1425000000000
62620	-48.1500000000000
62640	-48.3100000000000
62660	-48.5925000000000
62680	-48.8725000000000
62700	-49.0225000000000
62720	-48.9450000000000
62740	-48.6475000000000
62760	-48.2825000000000
62780	-48.0250000000000
62800	-47.9925000000000
62820	-48.1650000000000
62840	-48.4225000000000
62860	-48.6025000000000
62880	-48.5875000000000
62900	-48.3750000000000
62920	-48.0625000000000
62940	-47.7775000000000
62960	-47.6350000000000
62980	-47.7000000000000
63000	-47.9550000000000
63020	-48.3300000000000
63040	-48.7150000000000
63060	-48.9975000000000
63080	-49.1125000000000
63100	-49.0700000000000
63120	-48.9300000000000
63140	-48.7700000000000
63160	-48.6325000000000
63180	-48.4950000000000
63200	-48.3250000000000
63220	-48.0850000000000
63240	-47.7725000000000
63260	-47.4125000000000
63280	-47.0575000000000
63300	-46.7450000000000
63320	-46.4975000000000
63340	-46.3275000000000
63360	-46.2375000000000
63380	-46.2425000000000
63400	-46.3475000000000
63420	-46.5450000000000
63440	-46.8025000000000
63460	-47.0500000000000
63480	-47.2000000000000
63500	-47.1850000000000
63520	-46.9900000000000
63540	-46.6675000000000
63560	-46.3250000000000
63580	-46.0675000000000
63600	-45.9650000000000
63620	-46.0475000000000
63640	-46.3050000000000
63660	-46.6875000000000
63680	-47.1350000000000
63700	-47.5500000000000
63720	-47.8075000000000
63740	-47.8000000000000
63760	-47.4500000000000
63780	-46.7100000000000
63800	-45.6000000000000
63820	-44.1975000000000
63840	-42.6900000000000
63860	-41.3425000000000
63880	-40.3675000000000
63900	-39.7750000000000
63920	-39.4175000000000
63940	-39.1600000000000
63960	-38.9875000000000
63980	-38.9200000000000
64000	-39.0750000000000
64020	-39.5875000000000
64040	-40.5500000000000
64060	-41.8925000000000
64080	-43.3750000000000
64100	-44.7625000000000
64120	-45.9925000000000
64140	-47.1000000000000
64160	-48.0825000000000
64180	-48.8150000000000
64200	-49.1375000000000
64220	-49.0175000000000
64240	-48.6000000000000
64260	-48.1875000000000
64280	-48.0450000000000
64300	-48.2775000000000
64320	-48.8415789473684
64340	-49.4728571428571
64360	-50.0350000000000
64380	-50.4475000000000
64400	-50.7350000000000
64420	-50.9973684210526
64440	-51.2938095238095
64460	-51.6475000000000
64480	-51.9950000000000
64500	-52.2225000000000
64520	-52.2325000000000
64540	-52.0325000000000
64560	-51.6925000000000
64580	-51.3375000000000
64600	-51.0700000000000
64620	-50.9350000000000
64640	-50.8575000000000
64660	-50.7350000000000
64680	-50.4675000000000
64700	-50.0525000000000
64720	-49.5800000000000
64740	-49.2028571428572
64760	-49.0189473684211
64780	-49.1100000000000
64800	-49.4125000000000
64820	-49.7625000000000
64840	-50.0075000000000
64860	-50.0225000000000
64880	-49.7775000000000
64900	-49.3325000000000
64920	-48.8242857142857
64940	-48.3690000000000
64960	-48.1070000000000
64980	-48.1310526315789
65000	-48.4075000000000