20000	-8.99000000000000
20020	-9.02000000000000
20040	-8.70000000000000
20060	-8.68000000000000
20080	-8.69000000000000
20100	-8.72000000000000
20120	-8.83000000000000
20140	-8.87000000000000
20160	-8.70000000000000
20180	-8.77000000000000
20200	-8.94000000000000
20220	-8.88000000000000
20240	-8.73000000000000
20260	-8.68000000000000
20280	-8.68000000000000
20300	-8.58000000000000
20320	-8.65000000000000
20340	-8.45000000000000
20360	-8.55000000000000
20380	-8.56000000000000
20400	-8.66000000000000
20420	-8.80000000000000
20440	-8.86000000000000
20460	-8.74000000000000
20480	-8.51000000000000
20500	-8.50000000000000
20520	-8.49000000000000
20540	-8.67000000000000
20560	-8.64000000000000
20580	-8.67000000000000
20600	-8.84000000000000
20620	-8.75000000000000
20640	-8.56000000000000
20660	-8.74000000000000
20680	-8.73000000000000
20700	-8.72000000000000
20720	-8.72000000000000
20740	-8.66000000000000
20760	-8.59000000000000
20780	-8.40000000000000
20800	-8.55000000000000
20820	-8.88000000000000
20840	-8.80000000000000
20860	-8.65000000000000
20880	-8.57000000000000
20900	-8.52000000000000
20920	-8.56000000000000
20940	-9.03000000000000
20960	-8.95000000000000
20980	-8.77000000000000
21000	-8.90000000000000
21020	-8.91000000000000
21040	-8.89000000000000
21060	-8.90000000000000
21080	-9.18000000000000
21100	-9.06000000000000
21120	-9.03000000000000
21140	-9.02000000000000
21160	-9.22000000000000
21180	-9.27000000000000
21200	-9.28000000000000
21220	-9.23000000000000
21240	-9.21000000000000
21260	-9.26000000000000
21280	-8.99000000000000
21300	-9.04000000000000
21320	-9.15000000000000
21340	-8.92000000000000
21360	-8.91000000000000
21380	-9.06000000000000
21400	-9.15000000000000
21420	-9.13000000000000
21440	-8.90000000000000
21460	-8.55000000000000
21480	-8.93000000000000
21500	-8.79000000000000
21520	-8.75000000000000
21540	-8.86000000000000
21560	-8.93000000000000
21580	-8.87000000000000
21600	-8.73000000000000
21620	-8.75000000000000
21640	-8.67000000000000
21660	-8.67000000000000
21680	-8.75000000000000
21700	-8.73000000000000
21720	-8.93000000000000
21740	-9.12000000000000
21760	-9.05000000000000
21780	-9
21800	-8.95000000000000
21820	-8.75000000000000
21840	-8.65000000000000
21860	-8.75000000000000
21880	-9.06000000000000
21900	-9.17000000000000
21920	-9.14000000000000
21940	-9.06000000000000
21960	-9.09000000000000
21980	-9.03000000000000
22000	-8.90000000000000
22020	-8.62000000000000
22040	-8.90000000000000
22060	-9
22080	-8.68000000000000
22100	-8.81000000000000
22120	-8.84000000000000
22140	-9.02000000000000
22160	-9.05000000000000
22180	-9.04000000000000
22200	-9.26000000000000
22220	-9.23000000000000
22240	-9.07000000000000
22260	-8.93000000000000
22280	-8.84000000000000
22300	-8.84000000000000
22320	-8.93000000000000
22340	-8.99000000000000
22360	-8.97000000000000
22380	-8.80000000000000
22400	-8.83000000000000
22420	-8.90000000000000
22440	-8.86000000000000
22460	-8.75000000000000
22480	-8.61000000000000
22500	-9.03000000000000
22520	-8.93000000000000
22540	-9.02000000000000
22560	-9.13000000000000
22580	-9
22600	-8.81000000000000
22620	-8.81000000000000
22640	-8.97000000000000
22660	-9
22680	-8.89000000000000
22700	-8.75000000000000
22720	-8.65000000000000
22740	-8.87000000000000
22760	-8.96000000000000
22780	-8.99000000000000
22800	-8.93000000000000
22820	-9.06000000000000
22840	-9.11000000000000
22860	-8.94000000000000
22880	-8.88000000000000
22900	-8.90000000000000
22920	-8.88000000000000
22940	-8.69000000000000
22960	-8.55000000000000
22980	-8.62000000000000
23000	-8.77000000000000
23020	-8.83000000000000
23040	-8.83000000000000
23060	-8.73000000000000
23080	-8.82000000000000
23100	-9.07000000000000
23120	-8.94000000000000
23140	-8.87000000000000
23160	-8.85000000000000
23180	-8.56000000000000
23200	-8.42000000000000
23220	-8.21000000000000
23240	-8.60000000000000
23260	-8.45000000000000
23280	-8.30000000000000
23300	-8.29000000000000
23320	-8.24000000000000
23340	-8.15000000000000
23360	-8.58000000000000
23380	-8.56000000000000
23400	-8.42000000000000
23420	-8.61000000000000
23440	-8.36000000000000
23460	-8.36000000000000
23480	-8.35000000000000
23500	-8.38000000000000
23520	-8.49000000000000
23540	-8.45000000000000
23560	-8.52000000000000
23580	-8.39000000000000
23600	-8.31000000000000
23620	-8.31000000000000
23640	-8.25000000000000
23660	-8.05000000000000
23680	-7.90000000000000
23700	-7.99000000000000
23720	-8.22000000000000
23740	-8.26000000000000
23760	-8.32000000000000
23780	-8.60000000000000
23800	-8.56000000000000
23820	-8.42000000000000
23840	-8.39000000000000
23860	-8.43000000000000
23880	-8.57000000000000
23900	-8.57000000000000
23920	-8.60000000000000
23940	-8.73000000000000
23960	-8.54000000000000
23980	-8.56000000000000
24000	-8.55000000000000
24020	-8.95000000000000
24040	-9.08000000000000
24060	-8.84000000000000
24080	-9.01000000000000
24100	-9.11000000000000
24120	-8.92000000000000
24140	-9.01000000000000
24160	-9.10000000000000
24180	-9.12000000000000
24200	-9.01000000000000
24220	-9.15000000000000
24240	-9.46000000000000
24260	-9.57000000000000
24280	-9.30000000000000
24300	-9.21000000000000
24320	-9.10000000000000
24340	-9.03000000000000
24360	-9.07000000000000
24380	-9.09000000000000
24400	-9.08000000000000
24420	-9.05000000000000
24440	-9.08000000000000
24460	-9.20000000000000
24480	-9.22000000000000
24500	-9.23000000000000
24520	-9.28000000000000
24540	-9.19000000000000
24560	-9
24580	-9.33000000000000
24600	-9.40000000000000
24620	-9.30000000000000
24640	-9.35000000000000
24660	-9.38000000000000
24680	-9.36000000000000
24700	-9.09000000000000
24720	-9.03000000000000
24740	-9.07000000000000
24760	-9.03000000000000
24780	-9.03000000000000
24800	-9.20000000000000
24820	-9.19000000000000
24840	-9.09000000000000
24860	-9.20000000000000
24880	-9.41000000000000
24900	-9.43000000000000
24920	-9.30000000000000
24940	-9.16000000000000
24960	-9.35000000000000
24980	-9.12000000000000
25000	-9.19000000000000
25020	-9.20000000000000
25040	-9.15000000000000
25060	-9
25080	-8.81000000000000
25100	-8.86000000000000
25120	-9.17000000000000
25140	-9.36000000000000
25160	-9.35000000000000
25180	-9.36000000000000
25200	-9.30000000000000
25220	-9.31000000000000
25240	-9.28000000000000
25260	-9.24000000000000
25280	-9.20000000000000
25300	-9.14000000000000
25320	-9.01000000000000
25340	-8.96000000000000
25360	-9.01000000000000
25380	-9
25400	-8.98000000000000
25420	-8.99000000000000
25440	-8.90000000000000
25460	-8.81000000000000
25480	-8.72000000000000
25500	-8.93000000000000
25520	-9.10000000000000
25540	-9.16000000000000
25560	-9.22000000000000
25580	-9.39000000000000
25600	-9.46000000000000
25620	-9.45000000000000
25640	-9.41000000000000
25660	-9.77000000000000
25680	-9.59000000000000
25700	-9.28000000000000
25720	-9.22000000000000
25740	-9.22000000000000
25760	-9.26000000000000
25780	-9.34000000000000
25800	-9.36000000000000
25820	-9.40000000000000
25840	-9.59000000000000
25860	-9.62000000000000
25880	-9.57000000000000
25900	-9.47000000000000
25920	-9.53000000000000
25940	-9.58000000000000
25960	-9.48000000000000
25980	-9.29000000000000
26000	-9.22000000000000
26020	-9.31000000000000
26040	-9.37000000000000
26060	-9.31000000000000
26080	-9.29000000000000
26100	-9.34000000000000
26120	-9.20000000000000
26140	-9.03000000000000
26160	-9.16000000000000
26180	-9.21000000000000
26200	-9.19000000000000
26220	-9.24000000000000
26240	-9.24000000000000
26260	-9.19000000000000
26280	-9.20000000000000
26300	-9.13000000000000
26320	-9.02000000000000
26340	-8.99000000000000
26360	-9.02000000000000
26380	-9.11000000000000
26400	-9.16000000000000
26420	-9.05000000000000
26440	-9.18000000000000
26460	-9.38000000000000
26480	-9.16000000000000
26500	-9.09000000000000
26520	-9.07000000000000
26540	-9.05000000000000
26560	-8.98000000000000
26580	-8.83000000000000
26600	-8.76000000000000
26620	-8.80000000000000
26640	-8.88000000000000
26660	-9.04000000000000
26680	-9.22000000000000
26700	-9.16000000000000
26720	-9.04000000000000
26740	-9.10000000000000
26760	-9.01000000000000
26780	-8.91000000000000
26800	-8.95000000000000
26820	-9.17000000000000
26840	-9.25000000000000
26860	-9.13000000000000
26880	-8.99000000000000
26900	-8.91000000000000
26920	-9.03000000000000
26940	-8.86000000000000
26960	-9.26000000000000
26980	-9.30000000000000
27000	-9.23000000000000
27020	-9.24000000000000
27040	-9.35000000000000
27060	-9.50000000000000
27080	-9.25000000000000
27100	-8.93000000000000
27120	-9.09000000000000
27140	-9.07000000000000
27160	-9.08000000000000
27180	-9.28000000000000
27200	-9.38000000000000
27220	-9.19000000000000
27240	-8.98000000000000
27260	-8.97000000000000
27280	-9.31000000000000
27300	-9.28000000000000
27320	-9.54000000000000
27340	-9.62000000000000
27360	-9.44000000000000
27380	-9.31000000000000
27400	-9.34000000000000
27420	-9.47000000000000
27440	-9.50000000000000
27460	-9.44000000000000
27480	-9.40000000000000
27500	-9.32000000000000
27520	-9.18000000000000
27540	-9.12000000000000
27560	-9.07000000000000
27580	-8.99000000000000
27600	-8.75000000000000
27620	-8.51000000000000
27640	-8.28000000000000
27660	-8.35000000000000
27680	-8.35000000000000
27700	-8.16000000000000
27720	-8.04000000000000
27740	-8.09000000000000
27760	-7.93000000000000
27780	-7.56000000000000
27800	-7.39000000000000
27820	-7.44000000000000
27840	-7.91000000000000
27860	-8.15000000000000
27880	-8.36000000000000
27900	-8.37000000000000
27920	-8.32000000000000
27940	-8.28000000000000
27960	-8.32000000000000
27980	-8.39000000000000
28000	-8.55000000000000
28020	-8.68000000000000
28040	-8.49000000000000
28060	-8.25000000000000
28080	-8.08000000000000
28100	-7.83000000000000
28120	-7.77000000000000
28140	-7.90000000000000
28160	-7.92000000000000
28180	-7.82000000000000
28200	-7.92000000000000
28220	-8.17000000000000
28240	-7.98000000000000
28260	-8.12000000000000
28280	-8.36000000000000
28300	-8.32000000000000
28320	-8.31000000000000
28340	-8.31000000000000
28360	-8.26000000000000
28380	-8.34000000000000
28400	-8.45000000000000
28420	-8.27000000000000
28440	-8.18000000000000
28460	-8.43000000000000
28480	-8.72000000000000
28500	-8.79000000000000
28520	-8.83000000000000
28540	-8.83000000000000
28560	-8.63000000000000
28580	-8.70000000000000
28600	-8.54000000000000
28620	-8.60000000000000
28640	-8.88000000000000
28660	-9.05000000000000
28680	-9.17000000000000
28700	-9.12000000000000
28720	-8.85000000000000
28740	-8.80000000000000
28760	-8.61000000000000
28780	-8.38000000000000
28800	-8.38000000000000
28820	-8.52000000000000
28840	-8.54000000000000
28860	-8.16000000000000
28880	-8.05000000000000
28900	-7.80000000000000
28920	-7.54000000000000
28940	-7.53000000000000
28960	-7.70000000000000
28980	-7.84000000000000
29000	-7.82000000000000
29020	-7.69000000000000
29040	-7.60000000000000
29060	-7.56000000000000
29080	-7.47000000000000
29100	-7.44000000000000
29120	-7.47000000000000
29140	-7.55000000000000
29160	-7.85000000000000
29180	-8
29200	-7.91000000000000
29220	-7.90000000000000
29240	-7.98000000000000
29260	-7.90000000000000
29280	-7.70000000000000
29300	-7.74000000000000
29320	-8.13000000000000
29340	-7.79000000000000
29360	-7.70000000000000
29380	-7.93000000000000
29400	-7.79000000000000
29420	-7.76000000000000
29440	-7.67000000000000
29460	-7.52000000000000
29480	-7.41000000000000
29500	-7.40000000000000
29520	-7.55000000000000
29540	-7.47000000000000
29560	-7.50000000000000
29580	-7.41000000000000
29600	-7.63000000000000
29620	-7.78000000000000
29640	-7.77000000000000
29660	-7.72000000000000
29680	-7.51000000000000
29700	-7.75000000000000
29720	-7.84000000000000
29740	-7.67000000000000
29760	-7.60000000000000
29780	-7.73000000000000
29800	-7.90000000000000
29820	-8.01000000000000
29840	-8.03000000000000
29860	-7.99000000000000
29880	-8.03000000000000
29900	-8.08000000000000
29920	-8.09000000000000
29940	-8.03000000000000
29960	-7.71000000000000
29980	-7.65000000000000
30000	-7.91000000000000
30020	-7.99000000000000
30040	-7.86000000000000
30060	-7.57000000000000
30080	-7.40000000000000
30100	-7.48000000000000
30120	-7.73000000000000
30140	-7.74000000000000
30160	-7.54000000000000
30180	-7.75000000000000
30200	-7.91000000000000
30220	-8.23000000000000
30240	-8.33000000000000
30260	-8.38000000000000
30280	-8.60000000000000
30300	-8.76000000000000
30320	-8.83000000000000
30340	-9
30360	-8.79000000000000
30380	-8.70000000000000
30400	-8.71000000000000
30420	-8.64000000000000
30440	-8.79000000000000
30460	-8.71000000000000
30480	-8.53000000000000
30500	-8.47000000000000
30520	-8.62000000000000
30540	-8.75000000000000
30560	-8.71000000000000
30580	-8.68000000000000
30600	-8.69000000000000
30620	-8.75000000000000
30640	-8.75000000000000
30660	-8.59000000000000
30680	-8.47000000000000
30700	-8.52000000000000
30720	-8.65000000000000
30740	-8.70000000000000
30760	-8.69000000000000
30780	-8.59000000000000
30800	-8.38000000000000
30820	-8.18000000000000
30840	-8.03000000000000
30860	-8.13000000000000
30880	-8.36000000000000
30900	-8.50000000000000
30920	-8.53000000000000
30940	-8.46000000000000
30960	-8.52000000000000
30980	-8.55000000000000
31000	-8.53000000000000
31020	-8.51000000000000
31040	-8.38000000000000
31060	-8.26000000000000
31080	-8.27000000000000
31100	-8.39000000000000
31120	-8.31000000000000
31140	-8.14000000000000
31160	-8.12000000000000
31180	-8.24000000000000
31200	-8.30000000000000
31220	-8.34000000000000
31240	-8.52000000000000
31260	-8.50000000000000
31280	-8.21000000000000
31300	-8.12000000000000
31320	-8.27000000000000
31340	-8.41000000000000
31360	-8.39000000000000
31380	-8.28000000000000
31400	-8.36000000000000
31420	-8.55000000000000
31440	-8.57000000000000
31460	-8.49000000000000
31480	-8.60000000000000
31500	-8.76000000000000
31520	-8.71000000000000
31540	-8.89000000000000
31560	-9.12000000000000
31580	-8.73000000000000
31600	-8.52000000000000
31620	-8.56000000000000
31640	-8.80000000000000
31660	-8.87000000000000
31680	-9
31700	-9.03000000000000
31720	-9.04000000000000
31740	-8.53000000000000
31760	-8.48000000000000
31780	-8.71000000000000
31800	-8.58000000000000
31820	-8.49000000000000
31840	-8.35000000000000
31860	-8.38000000000000
31880	-8.42000000000000
31900	-8.46000000000000
31920	-8.25000000000000
31940	-8.25000000000000
31960	-8.54000000000000
31980	-8.67000000000000
32000	-8.68000000000000
32020	-8.66000000000000
32040	-8.41000000000000
32060	-8.33000000000000
32080	-8.41000000000000
32100	-8.43000000000000
32120	-8.25000000000000
32140	-8.05000000000000
32160	-7.94000000000000
32180	-7.91000000000000
32200	-7.75000000000000
32220	-7.82000000000000
32240	-7.78000000000000
32260	-7.58000000000000
32280	-7.62000000000000
32300	-7.63000000000000
32320	-7.25000000000000
32340	-7.51000000000000
32360	-7.45000000000000
32380	-7.31000000000000
32400	-7.20000000000000
32420	-8.07000000000000
32440	-8.09000000000000
32460	-7.71000000000000
32480	-7.50000000000000
32500	-7.53000000000000
32520	-7.59000000000000
32540	-7.43000000000000
32560	-7.52000000000000
32580	-7.70000000000000
32600	-7.68000000000000
32620	-7.63000000000000
32640	-7.73000000000000
32660	-7.65000000000000
32680	-7.57000000000000
32700	-7.72000000000000
32720	-7.82000000000000
32740	-7.76000000000000
32760	-7.68000000000000
32780	-7.76000000000000
32800	-7.71000000000000
32820	-7.60000000000000
32840	-7.73000000000000
32860	-7.89000000000000
32880	-7.97000000000000
32900	-7.93000000000000
32920	-7.80000000000000
32940	-7.85000000000000
32960	-8.08000000000000
32980	-7.99000000000000
33000	-7.83000000000000
33020	-8.18000000000000
33040	-8.25000000000000
33060	-8.39000000000000
33080	-8.41000000000000
33100	-8.41000000000000
33120	-8.41000000000000
33140	-8.53000000000000
33160	-8.38000000000000
33180	-8.53000000000000
33200	-8.47000000000000
33220	-8.44000000000000
33240	-8.50000000000000
33260	-8.59000000000000
33280	-8.71000000000000
33300	-8.71000000000000
33320	-8.82000000000000
33340	-8.68000000000000
33360	-8.57000000000000
33380	-8.55000000000000
33400	-8.61000000000000
33420	-8.62000000000000
33440	-8.36000000000000
33460	-8.17000000000000
33480	-7.97000000000000
33500	-7.62000000000000
33520	-7.49000000000000
33540	-7.47000000000000
33560	-7.34000000000000
33580	-7.17000000000000
33600	-7.14000000000000
33620	-7.21000000000000
33640	-7.31000000000000
33660	-7.40000000000000
33680	-7.45000000000000
33700	-7.44000000000000
33720	-7.35000000000000
33740	-7.25000000000000
33760	-7.37000000000000
33780	-7.42000000000000
33800	-7.35000000000000
33820	-7.36000000000000
33840	-7.68000000000000
33860	-7.66000000000000
33880	-7.64000000000000
33900	-7.75000000000000
33920	-7.89000000000000
33940	-7.85000000000000
33960	-7.77000000000000
33980	-7.70000000000000
34000	-7.38000000000000
34020	-7.51000000000000
34040	-7.56000000000000
34060	-7.40000000000000
34080	-7.44000000000000
34100	-7.52000000000000
34120	-7.29000000000000
34140	-7.57000000000000
34160	-7.62000000000000
34180	-7.69000000000000
34200	-7.62000000000000
34220	-7.62000000000000
34240	-7.78000000000000
34260	-7.92000000000000
34280	-8
34300	-8.17000000000000
34320	-8.31000000000000
34340	-8.34000000000000
34360	-8.43000000000000
34380	-8.51000000000000
34400	-8.30000000000000
34420	-8.12000000000000
34440	-8.12000000000000
34460	-8.12000000000000
34480	-8.17000000000000
34500	-8.17000000000000
34520	-8.17000000000000
34540	-8.25000000000000
34560	-8.20000000000000
34580	-8.13000000000000
34600	-8.32000000000000
34620	-8.16000000000000
34640	-7.92000000000000
34660	-7.82000000000000
34680	-8
34700	-8.24000000000000
34720	-8.39000000000000
34740	-8.28000000000000
34760	-8.36000000000000
34780	-8.47000000000000
34800	-8.48000000000000
34820	-8.41000000000000
34840	-8.41000000000000
34860	-8.36000000000000
34880	-8.24000000000000
34900	-8.11000000000000
34920	-7.94000000000000
34940	-7.88000000000000
34960	-7.85000000000000
34980	-7.86000000000000
35000	-7.88000000000000
35020	-7.89000000000000
35040	-7.83000000000000
35060	-7.72000000000000
35080	-7.54000000000000
35100	-7.23000000000000
35120	-7.17000000000000
35140	-7.65000000000000
35160	-7.45000000000000
35180	-7.18000000000000
35200	-7.32000000000000
35220	-7.29000000000000
35240	-7.24000000000000
35260	-7.41000000000000
35280	-7.30000000000000
35300	-7.20000000000000
35320	-7.04000000000000
35340	-6.73000000000000
35360	-6.80000000000000
35380	-7.06000000000000
35400	-7.09000000000000
35420	-7.22000000000000
35440	-7.23000000000000
35460	-7.09000000000000
35480	-7.04000000000000
35500	-7.12000000000000
35520	-7.19000000000000
35540	-7.16000000000000
35560	-7.08000000000000
35580	-7.09000000000000
35600	-7.20000000000000
35620	-7.27000000000000
35640	-7.26000000000000
35660	-7.17000000000000
35680	-7.15000000000000
35700	-7.12000000000000
35720	-6.99000000000000
35740	-6.86000000000000
35760	-6.79000000000000
35780	-6.76000000000000
35800	-6.71000000000000
35820	-6.85000000000000
35840	-6.91000000000000
35860	-6.94000000000000
35880	-7.10000000000000
35900	-7.25000000000000
35920	-7.36000000000000
35940	-7.29000000000000
35960	-7.17000000000000
35980	-7.05000000000000
36000	-6.91000000000000
36020	-6.97000000000000
36040	-7.15000000000000
36060	-7.34000000000000
36080	-7.32000000000000
36100	-7.13000000000000
36120	-7.30000000000000
36140	-7.23000000000000
36160	-7.20000000000000
36180	-7.26000000000000
36200	-7.31000000000000
36220	-7.38000000000000
36240	-7.43000000000000
36260	-7.46000000000000
36280	-7.63000000000000
36300	-7.58000000000000
36320	-7.39000000000000
36340	-7.32000000000000
36360	-7.29000000000000
36380	-7.43000000000000
36400	-7.60000000000000
36420	-7.64000000000000
36440	-7.54000000000000
36460	-7.44000000000000
36480	-7.46000000000000
36500	-7.56000000000000
36520	-7.53000000000000
36540	-7.42000000000000
36560	-7.42000000000000
36580	-7.45000000000000
36600	-7.58000000000000
36620	-7.77000000000000
36640	-7.97000000000000
36660	-8.09000000000000
36680	-7.94000000000000
36700	-7.71000000000000
36720	-7.56000000000000
36740	-7.58000000000000
36760	-7.79000000000000
36780	-7.92000000000000
36800	-7.87000000000000
36820	-7.78000000000000
36840	-7.68000000000000
36860	-7.50000000000000
36880	-7.43000000000000
36900	-7.45000000000000
36920	-7.51000000000000
36940	-7.62000000000000
36960	-7.71000000000000
36980	-7.78000000000000
37000	-7.71000000000000
37020	-7.63000000000000
37040	-7.67000000000000
37060	-7.66000000000000
37080	-7.61000000000000
37100	-7.52000000000000
37120	-7.48000000000000
37140	-7.69000000000000
37160	-7.70000000000000
37180	-7.67000000000000
37200	-7.76000000000000
37220	-7.74000000000000
37240	-7.48000000000000
37260	-7.24000000000000
37280	-7.30000000000000
37300	-7.49000000000000
37320	-7.71000000000000
37340	-7.70000000000000
37360	-7.52000000000000
37380	-7.40000000000000
37400	-7.35000000000000
37420	-7.16000000000000
37440	-6.98000000000000
37460	-7.19000000000000
37480	-7.26000000000000
37500	-7.23000000000000
37520	-7.07000000000000
37540	-6.85000000000000
37560	-7.03000000000000
37580	-7.14000000000000
37600	-7.05000000000000
37620	-7.03000000000000
37640	-7.15000000000000
37660	-7.24000000000000
37680	-7.04000000000000
37700	-6.67000000000000
37720	-6.69000000000000
37740	-6.61000000000000
37760	-6.61000000000000
37780	-6.57000000000000
37800	-6.68000000000000
37820	-6.82000000000000
37840	-6.86000000000000
37860	-6.77000000000000
37880	-6.68000000000000
37900	-7.01000000000000
37920	-7.04000000000000
37940	-6.87000000000000
37960	-6.37000000000000
37980	-6.25000000000000
38000	-6.37000000000000
38020	-6.24000000000000
38040	-6.05000000000000
38060	-6.09000000000000
38080	-6.09000000000000
38100	-5.62000000000000
38120	-5.73000000000000
38140	-5.44000000000000
38160	-5.44000000000000
38180	-5.52000000000000
38200	-5.41000000000000
38220	-5.11000000000000
38240	-5.06000000000000
38260	-5.39000000000000
38280	-5.65000000000000
38300	-5.66000000000000
38320	-5.89000000000000
38340	-5.83000000000000
38360	-5.86000000000000
38380	-5.97000000000000
38400	-6.15000000000000
38420	-6.41000000000000
38440	-6.25000000000000
38460	-6.10000000000000
38480	-5.89000000000000
38500	-5.87000000000000
38520	-6.11000000000000
38540	-6.15000000000000
38560	-6.28000000000000
38580	-6.30000000000000
38600	-6.18000000000000
38620	-6.18000000000000
38640	-5.79000000000000
38660	-5.73000000000000
38680	-5.98000000000000
38700	-6.29000000000000
38720	-6
38740	-5.64000000000000
38760	-5.76000000000000
38780	-5.73000000000000
38800	-5.88000000000000
38820	-5.91000000000000
38840	-5.95000000000000
38860	-6.05000000000000
38880	-6.03000000000000
38900	-5.79000000000000
38920	-5.64000000000000
38940	-5.77000000000000
38960	-5.75000000000000
38980	-5.86000000000000
39000	-6.01000000000000
39020	-6.24000000000000
39040	-6.09000000000000
39060	-6.03000000000000
39080	-6.15000000000000
39100	-6.07000000000000
39120	-5.88000000000000
39140	-6.01000000000000
39160	-6.21000000000000
39180	-5.71000000000000
39200	-5.70000000000000
39220	-5.56000000000000
39240	-5.57000000000000
39260	-5.96000000000000
39280	-6.13000000000000
39300	-6.06000000000000
39320	-5.87000000000000
39340	-5.74000000000000
39360	-5.81000000000000
39380	-6.68000000000000
39400	-6.71000000000000
39420	-6.58000000000000
39440	-6.48000000000000
39460	-6.47000000000000
39480	-6.63000000000000
39500	-6.64000000000000
39520	-6.79000000000000
39540	-7.16000000000000
39560	-7.09000000000000
39580	-6.85000000000000
39600	-6.96000000000000
39620	-7.14000000000000
39640	-7.15000000000000
39660	-7.33000000000000
39680	-7.65000000000000
39700	-7.51000000000000
39720	-7.45000000000000
39740	-7.64000000000000
39760	-7.65000000000000
39780	-7.69000000000000
39800	-7.75000000000000
39820	-8.08000000000000
39840	-8.23000000000000
39860	-8.11000000000000
39880	-7.70000000000000
39900	-7.58000000000000
39920	-7.77000000000000
39940	-7.73000000000000
39960	-7.65000000000000
39980	-7.44000000000000
40000	-7.29000000000000
40020	-7.50000000000000
40040	-7.42000000000000
40060	-7.19000000000000
40080	-7.56000000000000
40100	-7.56000000000000
40120	-7.23000000000000
40140	-7.32000000000000
40160	-7.29000000000000
40180	-7.32000000000000
40200	-7.31000000000000
40220	-7.27000000000000
40240	-7.17000000000000
40260	-7.02000000000000
40280	-7.01000000000000
40300	-6.86000000000000
40320	-7.22000000000000
40340	-7.26000000000000
40360	-7.28000000000000
40380	-7.44000000000000
40400	-7.35000000000000
40420	-7.45000000000000
40440	-7.47000000000000
40460	-7.16000000000000
40480	-7.20000000000000
40500	-7.26000000000000
40520	-7.27000000000000
40540	-7.38000000000000
40560	-7.60000000000000
40580	-7.93000000000000
40600	-7.75000000000000
40620	-7.46000000000000
40640	-7.64000000000000
40660	-7.66000000000000
40680	-7.74000000000000
40700	-7.77000000000000
40720	-7.65000000000000
40740	-7.64000000000000
40760	-7.71000000000000
40780	-7.98000000000000
40800	-7.92000000000000
40820	-7.73000000000000
40840	-7.83000000000000
40860	-7.95000000000000
40880	-7.77000000000000
40900	-7.80000000000000
40920	-7.88000000000000
40940	-7.83000000000000
40960	-7.76000000000000
40980	-7.37000000000000
41000	-7.40000000000000
41020	-7.37000000000000
41040	-7.21000000000000
41060	-7.39000000000000
41080	-7.46000000000000
41100	-7.19000000000000
41120	-7.23000000000000
41140	-7.17000000000000
41160	-7.12000000000000
41180	-7.15000000000000
41200	-7.14000000000000
41220	-6.88000000000000
41240	-6.81000000000000
41260	-6.99000000000000
41280	-6.88000000000000
41300	-6.90000000000000
41320	-6.89000000000000
41340	-6.97000000000000
41360	-6.87000000000000
41380	-6.93000000000000
41400	-6.92000000000000
41420	-6.79000000000000
41440	-6.82000000000000
41460	-7.08000000000000
41480	-7.01000000000000
41500	-6.85000000000000
41520	-6.99000000000000
41540	-7.19000000000000
41560	-7.24000000000000
41580	-7.32000000000000
41600	-7.14000000000000
41620	-7.10000000000000
41640	-7.20000000000000
41660	-7.17000000000000
41680	-7.12000000000000
41700	-7.15000000000000
41720	-7.14000000000000
41740	-7.16000000000000
41760	-7.31000000000000
41780	-7.52000000000000
41800	-7.62000000000000
41820	-7.77000000000000
41840	-7.74000000000000
41860	-7.57000000000000
41880	-7.56000000000000
41900	-7.66000000000000
41920	-7.79000000000000
41940	-7.81000000000000
41960	-7.76000000000000
41980	-7.71000000000000
42000	-7.77000000000000
42020	-7.86000000000000
42040	-7.88000000000000
42060	-7.84000000000000
42080	-7.77000000000000
42100	-7.74000000000000
42120	-7.90000000000000
42140	-8.01000000000000
42160	-7.90000000000000
42180	-7.81000000000000
42200	-7.69000000000000
42220	-7.64000000000000
42240	-7.72000000000000
42260	-7.89000000000000
42280	-7.74000000000000
42300	-7.33000000000000
42320	-7.31000000000000
42340	-7.44000000000000
42360	-7.49000000000000
42380	-7.51000000000000
42400	-7.56000000000000
42420	-7.55000000000000
42440	-7.35000000000000
42460	-7.30000000000000
42480	-7.31000000000000
42500	-7.21000000000000
42520	-6.99000000000000
42540	-6.94000000000000
42560	-7
42580	-7.03000000000000
42600	-6.99000000000000
42620	-7.08000000000000
42640	-7.19000000000000
42660	-6.85000000000000
42680	-6.72000000000000
42700	-6.74000000000000
42720	-6.96000000000000
42740	-6.98000000000000
42760	-6.89000000000000
42780	-6.93000000000000
42800	-7.02000000000000
42820	-6.99000000000000
42840	-6.91000000000000
42860	-6.78000000000000
42880	-6.94000000000000
42900	-6.67000000000000
42920	-6.54000000000000
42940	-6.49000000000000
42960	-6.25000000000000
42980	-6.35000000000000
43000	-6.50000000000000
43020	-6.48000000000000
43040	-6.56000000000000
43060	-6.70000000000000
43080	-6.60000000000000
43100	-6.45000000000000
43120	-6.30000000000000
43140	-6.59000000000000
43160	-6.67000000000000
43180	-6.52000000000000
43200	-6.64000000000000
43220	-6.62000000000000
43240	-6.57000000000000
43260	-6.51000000000000
43280	-6.60000000000000
43300	-6.68000000000000
43320	-6.76000000000000
43340	-6.81000000000000
43360	-6.65000000000000
43380	-6.45000000000000
43400	-6.30000000000000
43420	-6.23000000000000
43440	-6.25000000000000
43460	-6.35000000000000
43480	-6.45000000000000
43500	-6.54000000000000
43520	-6.73000000000000
43540	-6.77000000000000
43560	-6.72000000000000
43580	-6.56000000000000
43600	-6.67000000000000
43620	-6.67000000000000
43640	-6.61000000000000
43660	-6.58000000000000
43680	-6.56000000000000
43700	-6.55000000000000
43720	-6.64000000000000
43740	-6.71000000000000
43760	-6.74000000000000
43780	-6.82000000000000
43800	-6.99000000000000
43820	-7.15000000000000
43840	-7.21000000000000
43860	-7.24000000000000
43880	-7.29000000000000
43900	-7.28000000000000
43920	-7.22000000000000
43940	-7.22000000000000
43960	-7.23000000000000
43980	-7.21000000000000
44000	-7.23000000000000
44020	-7.34000000000000
44040	-7.39000000000000
44060	-7.35000000000000
44080	-7.34000000000000
44100	-7.28000000000000
44120	-7.14000000000000
44140	-7.12000000000000
44160	-7.14000000000000
44180	-7.29000000000000
44200	-7.28000000000000
44220	-7.34000000000000
44240	-7.35000000000000
44260	-7.36000000000000
44280	-7.32000000000000
44300	-7.26000000000000
44320	-7.23000000000000
44340	-7.15000000000000
44360	-7.12000000000000
44380	-7.04000000000000
44400	-6.89000000000000
44420	-6.91000000000000
44440	-6.99000000000000
44460	-7.13000000000000
44480	-7.35000000000000
44500	-7.47000000000000
44520	-7.38000000000000
44540	-7.15000000000000
44560	-7.01000000000000
44580	-7
44600	-7
44620	-6.97000000000000
44640	-6.92000000000000
44660	-6.89000000000000
44680	-6.89000000000000
44700	-6.90000000000000
44720	-6.94000000000000
44740	-6.99000000000000
44760	-7.03000000000000
44780	-7.04000000000000
44800	-7.07000000000000
44820	-7.05000000000000
44840	-6.96000000000000
44860	-6.93000000000000
44880	-6.73000000000000
44900	-6.67000000000000
44920	-6.55000000000000
44940	-6.47000000000000
44960	-6.57000000000000
44980	-6.68000000000000
45000	-6.80000000000000
45020	-6.85000000000000
45040	-6.50000000000000
45060	-6.51000000000000
45080	-6.55000000000000
45100	-6.45000000000000
45120	-6.22000000000000
45140	-6.50000000000000
45160	-6.45000000000000
45180	-6.45000000000000
45200	-6.39000000000000
45220	-6.33000000000000
45240	-6.23000000000000
45260	-6.09000000000000
45280	-6.04000000000000
45300	-6.01000000000000
45320	-5.94000000000000
45340	-5.97000000000000
45360	-6.18000000000000
45380	-6.20000000000000
45400	-5.88000000000000
45420	-5.85000000000000
45440	-5.88000000000000
45460	-5.76000000000000
45480	-5.79000000000000
45500	-5.99000000000000
45520	-5.65000000000000
45540	-5.80000000000000
45560	-5.71000000000000
45580	-5.43000000000000
45600	-5.70000000000000
45620	-5.64000000000000
45640	-5.62000000000000
45660	-5.88000000000000
45680	-5.81000000000000
45700	-5.69000000000000
45720	-5.26000000000000
45740	-5.22000000000000
45760	-5.22000000000000
45780	-5.21000000000000
45800	-4.84000000000000
45820	-4.74000000000000
45840	-5.02000000000000
45860	-5.16000000000000
45880	-4.99000000000000
45900	-4.91000000000000
45920	-5.07000000000000
45940	-5.02000000000000
45960	-5.24000000000000
45980	-4.80000000000000
46000	-4.83000000000000
46020	-4.84000000000000
46040	-4.75000000000000
46060	-4.79000000000000
46080	-4.87000000000000
46100	-5.10000000000000
46120	-5.05000000000000
46140	-5.08000000000000
46160	-5.10000000000000
46180	-5.01000000000000
46200	-4.96000000000000
46220	-5.03000000000000
46240	-4.95000000000000
46260	-5.25000000000000
46280	-5.42000000000000
46300	-5.20000000000000
46320	-5.04000000000000
46340	-4.88000000000000
46360	-4.76000000000000
46380	-4.73000000000000
46400	-4.59000000000000
46420	-4.55000000000000
46440	-4.63000000000000
46460	-4.57000000000000
46480	-4.59000000000000
46500	-4.70000000000000
46520	-4.88000000000000
46540	-4.98000000000000
46560	-4.89000000000000
46580	-4.88000000000000
46600	-4.92000000000000
46620	-4.66000000000000
46640	-4.69000000000000
46660	-4.89000000000000
46680	-4.95000000000000
46700	-4.96000000000000
46720	-4.94000000000000
46740	-4.85000000000000
46760	-4.78000000000000
46780	-4.90000000000000
46800	-5.20000000000000
46820	-5.35000000000000
46840	-5.37000000000000
46860	-5.39000000000000
46880	-5.44000000000000
46900	-5.48000000000000
46920	-5.48000000000000
46940	-5.35000000000000
46960	-5.25000000000000
46980	-5.20000000000000
47000	-5.17000000000000
47020	-5.46000000000000
47040	-5.55000000000000
47060	-5.62000000000000
47080	-5.63000000000000
47100	-5.72000000000000
47120	-5.67000000000000
47140	-5.62000000000000
47160	-5.60000000000000
47180	-5.51000000000000
47200	-5.33000000000000
47220	-5.11000000000000
47240	-5.01000000000000
47260	-5.29000000000000
47280	-5.60000000000000
47300	-5.77000000000000
47320	-5.90000000000000
47340	-5.86000000000000
47360	-5.70000000000000
47380	-5.71000000000000
47400	-5.67000000000000
47420	-5.56000000000000
47440	-5.60000000000000
47460	-5.56000000000000
47480	-5.57000000000000
47500	-5.63000000000000
47520	-5.52000000000000
47540	-5.57000000000000
47560	-5.69000000000000
47580	-5.68000000000000
47600	-5.74000000000000
47620	-5.92000000000000
47640	-5.98000000000000
47660	-5.91000000000000
47680	-5.82000000000000
47700	-5.88000000000000
47720	-5.89000000000000
47740	-5.92000000000000
47760	-5.99000000000000
47780	-6.07000000000000
47800	-6.13000000000000
47820	-6.15000000000000
47840	-6.10000000000000
47860	-6
47880	-5.93000000000000
47900	-5.91000000000000
47920	-6.10000000000000
47940	-6.12000000000000
47960	-6.30000000000000
47980	-6.51000000000000
48000	-6.65000000000000
48020	-6.69000000000000
48040	-6.69000000000000
48060	-6.61000000000000
48080	-6.55000000000000
48100	-6.64000000000000
48120	-6.72000000000000
48140	-6.73000000000000
48160	-6.71000000000000
48180	-6.70000000000000
48200	-6.95000000000000
48220	-6.96000000000000
48240	-6.97000000000000
48260	-6.92000000000000
48280	-6.87000000000000
48300	-6.90000000000000
48320	-6.70000000000000
48340	-6.71000000000000
48360	-6.74000000000000
48380	-6.67000000000000
48400	-6.55000000000000
48420	-6.51000000000000
48440	-6.58000000000000
48460	-6.51000000000000
48480	-6.52000000000000
48500	-6.60000000000000
48520	-6.64000000000000
48540	-6.65000000000000
48560	-6.67000000000000
48580	-6.80000000000000
48600	-6.90000000000000
48620	-6.92000000000000
48640	-6.87000000000000
48660	-6.88000000000000
48680	-6.86000000000000
48700	-6.91000000000000
48720	-7
48740	-7
48760	-6.89000000000000
48780	-6.68000000000000
48800	-6.55000000000000
48820	-6.52000000000000
48840	-6.52000000000000
48860	-6.45000000000000
48880	-6.41000000000000
48900	-6.46000000000000
48920	-6.92000000000000
48940	-6.99000000000000
48960	-7.13000000000000
48980	-7.11000000000000
49000	-6.93000000000000
49020	-6.81000000000000
49040	-6.77000000000000
49060	-6.76000000000000
49080	-6.84000000000000
49100	-6.85000000000000
49120	-6.81000000000000
49140	-6.77000000000000
49160	-6.70000000000000
49180	-6.58000000000000
49200	-6.69000000000000
49220	-6.78000000000000
49240	-6.73000000000000
49260	-6.67000000000000
49280	-6.71000000000000
49300	-6.76000000000000
49320	-6.65000000000000
49340	-6.87000000000000
49360	-7.11000000000000
49380	-7.13000000000000
49400	-6.90000000000000
49420	-6.67000000000000
49440	-6.53000000000000
49460	-6.47000000000000
49480	-6.43000000000000
49500	-6.34000000000000
49520	-6.31000000000000
49540	-6.45000000000000
49560	-6.57000000000000
49580	-6.59000000000000
49600	-6.64000000000000
49620	-6.58000000000000
49640	-6.66000000000000
49660	-6.73000000000000
49680	-6.71000000000000
49700	-6.69000000000000
49720	-6.71000000000000
49740	-6.71000000000000
49760	-6.75000000000000
49780	-6.73000000000000
49800	-6.48000000000000
49820	-6.60000000000000
49840	-6.67000000000000
49860	-6.65000000000000
49880	-6.64000000000000
49900	-6.74000000000000
49920	-6.87000000000000
49940	-6.86000000000000
49960	-6.86000000000000
49980	-6.89000000000000
50000	-6.83000000000000
50020	-6.77000000000000
50040	-6.78000000000000
50060	-6.86000000000000
50080	-6.95000000000000
50100	-7.01000000000000
50120	-7.09000000000000
50140	-7.05000000000000
50160	-6.76000000000000
50180	-6.60000000000000
50200	-6.62000000000000
50220	-6.61000000000000
50240	-6.55000000000000
50260	-6.51000000000000
50280	-6.52000000000000
50300	-6.66000000000000
50320	-6.73000000000000
50340	-6.77000000000000
50360	-6.76000000000000
50380	-6.65000000000000
50400	-6.55000000000000
50420	-6.46000000000000
50440	-6.40000000000000
50460	-6.45000000000000
50480	-6.65000000000000
50500	-6.69000000000000
50520	-6.72000000000000
50540	-6.60000000000000
50560	-6.53000000000000
50580	-6.52000000000000
50600	-6.55000000000000
50620	-6.61000000000000
50640	-6.66000000000000
50660	-6.40000000000000
50680	-6.36000000000000
50700	-6.36000000000000
50720	-6.46000000000000
50740	-6.59000000000000
50760	-6.59000000000000
50780	-6.47000000000000
50800	-6.44000000000000
50820	-6.57000000000000
50840	-6.81000000000000
50860	-6.27000000000000
50880	-6.30000000000000
50900	-6.39000000000000
50920	-6.40000000000000
50940	-6.43000000000000
50960	-6.40000000000000
50980	-6.36000000000000
51000	-6.38000000000000
51020	-6.49000000000000
51040	-6.57000000000000
51060	-6.56000000000000
51080	-6.46000000000000
51100	-6.43000000000000
51120	-6.24000000000000
51140	-6.23000000000000
51160	-6.24000000000000
51180	-6.23000000000000
51200	-6.26000000000000
51220	-6.33000000000000
51240	-6.50000000000000
51260	-6.52000000000000
51280	-6.48000000000000
51300	-6.60000000000000
51320	-6.53000000000000
51340	-6.53000000000000
51360	-6.50000000000000
51380	-6.42000000000000
51400	-6.38000000000000
51420	-6.34000000000000
51440	-6.48000000000000
51460	-6.43000000000000
51480	-6.30000000000000
51500	-6.24000000000000
51520	-6.23000000000000
51540	-6.28000000000000
51560	-6.36000000000000
51580	-6.38000000000000
51600	-6.35000000000000
51620	-6.31000000000000
51640	-6.30000000000000
51660	-6.37000000000000
51680	-6.39000000000000
51700	-6.36000000000000
51720	-6.24000000000000
51740	-5.98000000000000
51760	-5.90000000000000
51780	-6.03000000000000
51800	-6.01000000000000
51820	-5.92000000000000
51840	-5.93000000000000
51860	-5.97000000000000
51880	-5.88000000000000
51900	-5.85000000000000
51920	-5.99000000000000
51940	-6.19000000000000
51960	-6.33000000000000
51980	-6.34000000000000
52000	-6.22000000000000
52020	-6.15000000000000
52040	-6.09000000000000
52060	-5.90000000000000
52080	-5.82000000000000
52100	-5.79000000000000
52120	-5.90000000000000
52140	-6.11000000000000
52160	-6.11000000000000
52180	-6.01000000000000
52200	-5.97000000000000
52220	-5.94000000000000
52240	-5.89000000000000
52260	-5.89000000000000
52280	-5.72000000000000
52300	-5.48000000000000
52320	-5.49000000000000
52340	-5.54000000000000
52360	-5.60000000000000
52380	-5.60000000000000
52400	-5.55000000000000
52420	-5.51000000000000
52440	-5.44000000000000
52460	-5.60000000000000
52480	-5.57000000000000
52500	-5.46000000000000
52520	-5.51000000000000
52540	-5.54000000000000
52560	-5.52000000000000
52580	-5.44000000000000
52600	-5.44000000000000
52620	-5.64000000000000
52640	-5.82000000000000
52660	-5.75000000000000
52680	-5.66000000000000
52700	-5.64000000000000
52720	-5.48000000000000
52740	-5.62000000000000
52760	-5.91000000000000
52780	-5.91000000000000
52800	-5.73000000000000
52820	-5.59000000000000
52840	-5.49000000000000
52860	-5.64000000000000
52880	-5.78000000000000
52900	-5.84000000000000
52920	-5.73000000000000
52940	-5.49000000000000
52960	-5.47000000000000
52980	-5.63000000000000
53000	-5.65000000000000
53020	-5.62000000000000
53040	-5.68000000000000
53060	-5.54000000000000
53080	-5.41000000000000
53100	-5.69000000000000
53120	-5.63000000000000
53140	-5.56000000000000
53160	-5.62000000000000
53180	-5.55000000000000
53200	-5.52000000000000
53220	-5.57000000000000
53240	-5.58000000000000
53260	-5.55000000000000
53280	-5.60000000000000
53300	-5.72000000000000
53320	-5.81000000000000
53340	-5.76000000000000
53360	-5.67000000000000
53380	-5.44000000000000
53400	-5.33000000000000
53420	-5.16000000000000
53440	-5.14000000000000
53460	-5.25000000000000
53480	-5.33000000000000
53500	-5.37000000000000
53520	-5.38000000000000
53540	-5.47000000000000
53560	-5.62000000000000
53580	-5.63000000000000
53600	-5.66000000000000
53620	-5.84000000000000
53640	-5.80000000000000
53660	-5.58000000000000
53680	-5.32000000000000
53700	-5.25000000000000
53720	-5.32000000000000
53740	-5.31000000000000
53760	-5.33000000000000
53780	-5.37000000000000
53800	-5.42000000000000
53820	-5.19000000000000
53840	-4.95000000000000
53860	-4.78000000000000
53880	-4.53000000000000
53900	-4.50000000000000
53920	-4.69000000000000
53940	-4.77000000000000
53960	-4.75000000000000
53980	-4.69000000000000
54000	-4.77000000000000
54020	-4.91000000000000
54040	-4.91000000000000
54060	-4.98000000000000
54080	-5.07000000000000
54100	-5.17000000000000
54120	-5.33000000000000
54140	-5.42000000000000
54160	-5.21000000000000
54180	-5.29000000000000
54200	-5.33000000000000
54220	-5.30000000000000
54240	-5.24000000000000
54260	-5.35000000000000
54280	-5.40000000000000
54300	-5.38000000000000
54320	-5.44000000000000
54340	-5.25000000000000
54360	-5.13000000000000
54380	-5.06000000000000
54400	-5.30000000000000
54420	-5.55000000000000
54440	-5.45000000000000
54460	-5.35000000000000
54480	-5.33000000000000
54500	-5.38000000000000
54520	-5.48000000000000
54540	-5.48000000000000
54560	-5.45000000000000
54580	-5.49000000000000
54600	-5.43000000000000
54620	-5.46000000000000
54640	-5.42000000000000
54660	-5.50000000000000
54680	-5.46000000000000
54700	-5.46000000000000
54720	-5.45000000000000
54740	-5.47000000000000
54760	-5.47000000000000
54780	-5.55000000000000
54800	-5.69000000000000
54820	-5.70000000000000
54840	-5.58000000000000
54860	-5.45000000000000
54880	-5.47000000000000
54900	-5.51000000000000
54920	-5.53000000000000
54940	-5.61000000000000
54960	-5.71000000000000
54980	-5.75000000000000
55000	-5.71000000000000
55020	-5.82000000000000
55040	-5.83000000000000
55060	-6.04000000000000
55080	-6.13000000000000
55100	-5.78000000000000
55120	-5.66000000000000
55140	-5.80000000000000
55160	-5.96000000000000
55180	-6.01000000000000
55200	-5.98000000000000
55220	-5.95000000000000
55240	-6
55260	-6.15000000000000
55280	-6.23000000000000
55300	-6.22000000000000
55320	-6.27000000000000
55340	-6.28000000000000
55360	-6.62000000000000
55380	-6.67000000000000
55400	-6.70000000000000
55420	-6.92000000000000
55440	-6.74000000000000
55460	-6.60000000000000
55480	-6.50000000000000
55500	-6.50000000000000
55520	-6.53000000000000
55540	-6.45000000000000
55560	-6.27000000000000
55580	-6.10000000000000
55600	-6.04000000000000
55620	-6.05000000000000
55640	-5.97000000000000
55660	-5.83000000000000
55680	-5.97000000000000
55700	-5.80000000000000
55720	-5.57000000000000
55740	-5.52000000000000
55760	-5.52000000000000
55780	-5.60000000000000
55800	-5.67000000000000
55820	-5.71000000000000
55840	-5.70000000000000
55860	-5.75000000000000
55880	-5.77000000000000
55900	-5.69000000000000
55920	-5.67000000000000
55940	-5.70000000000000
55960	-5.85000000000000
55980	-6.13000000000000
56000	-6.05000000000000
56020	-5.94000000000000
56040	-6.01000000000000
56060	-6.02000000000000
56080	-6.07000000000000
56100	-6.08000000000000
56120	-6.13000000000000
56140	-6.28000000000000
56160	-6.43000000000000
56180	-6.48000000000000
56200	-6.33000000000000
56220	-6.19000000000000
56240	-6.17000000000000
56260	-6.25000000000000
56280	-6.40000000000000
56300	-6.31000000000000
56320	-6.23000000000000
56340	-6.18000000000000
56360	-6.20000000000000
56380	-6.35000000000000
56400	-6.52000000000000
56420	-6.58000000000000
56440	-6.66000000000000
56460	-6.76000000000000
56480	-6.76000000000000
56500	-6.70000000000000
56520	-6.83000000000000
56540	-7.03000000000000
56560	-6.93000000000000
56580	-6.81000000000000
56600	-6.65000000000000
56620	-6.68000000000000
56640	-6.80000000000000
56660	-6.79000000000000
56680	-6.71000000000000
56700	-6.66000000000000
56720	-6.77000000000000
56740	-7.06000000000000
56760	-7.17000000000000
56780	-7.07000000000000
56800	-6.98000000000000
56820	-7.01000000000000
56840	-6.88000000000000
56860	-6.85000000000000
56880	-7.09000000000000
56900	-6.99000000000000
56920	-6.72000000000000
56940	-6.65000000000000
56960	-6.61000000000000
56980	-6.62000000000000
57000	-6.64000000000000
57020	-6.69000000000000
57040	-6.66000000000000
57060	-6.48000000000000
57080	-6.38000000000000
57100	-6.39000000000000
57120	-6.44000000000000
57140	-6.52000000000000
57160	-6.53000000000000
57180	-6.39000000000000
57200	-6.21000000000000
57220	-6.40000000000000
57240	-6.56000000000000
57260	-6.50000000000000
57280	-6.33000000000000
57300	-6.39000000000000
57320	-6.45000000000000
57340	-6.38000000000000
57360	-6.44000000000000
57380	-6.51000000000000
57400	-6.45000000000000
57420	-6.19000000000000
57440	-6.04000000000000
57460	-5.97000000000000
57480	-6.27000000000000
57500	-6.12000000000000
57520	-6.05000000000000
57540	-6.02000000000000
57560	-6.01000000000000
57580	-5.93000000000000
57600	-5.94000000000000
57620	-6.12000000000000
57640	-6.20000000000000
57660	-6.15000000000000
57680	-6
57700	-5.85000000000000
57720	-5.86000000000000
57740	-5.94000000000000
57760	-5.99000000000000
57780	-5.91000000000000
57800	-5.87000000000000
57820	-5.69000000000000
57840	-5.60000000000000
57860	-5.60000000000000
57880	-5.83000000000000
57900	-5.86000000000000
57920	-5.67000000000000
57940	-5.46000000000000
57960	-5.50000000000000
57980	-5.60000000000000
58000	-5.58000000000000
58020	-5.44000000000000
58040	-5.35000000000000
58060	-5.24000000000000
58080	-5.20000000000000
58100	-5.25000000000000
58120	-5.20000000000000
58140	-5.05000000000000
58160	-4.80000000000000
58180	-4.80000000000000
58200	-4.90000000000000
58220	-5.07000000000000
58240	-5.30000000000000
58260	-5.49000000000000
58280	-5.65000000000000
58300	-5.77000000000000
58320	-5.80000000000000
58340	-5.72000000000000
58360	-5.54000000000000
58380	-5.45000000000000
58400	-5.50000000000000
58420	-5.35000000000000
58440	-5.24000000000000
58460	-5.33000000000000
58480	-5.45000000000000
58500	-5.20000000000000
58520	-5.25000000000000
58540	-5.31000000000000
58560	-5.24000000000000
58580	-5.10000000000000
58600	-5.16000000000000
58620	-5.32000000000000
58640	-5.41000000000000
58660	-5.46000000000000
58680	-5.62000000000000
58700	-5.70000000000000
58720	-5.59000000000000
58740	-5.64000000000000
58760	-5.83000000000000
58780	-5.78000000000000
58800	-5.65000000000000
58820	-5.71000000000000
58840	-5.72000000000000
58860	-5.68000000000000
58880	-5.67000000000000
58900	-5.58000000000000
58920	-5.56000000000000
58940	-5.43000000000000
58960	-4.98000000000000
58980	-5.01000000000000
59000	-5
59020	-4.94000000000000
59040	-4.92000000000000
59060	-5.03000000000000
59080	-5.04000000000000
59100	-4.88000000000000
59120	-4.80000000000000
59140	-4.90000000000000
59160	-5.02000000000000
59180	-4.93000000000000
59200	-4.70000000000000
59220	-4.63000000000000
59240	-4.75000000000000
59260	-4.82000000000000
59280	-4.80000000000000
59300	-4.73000000000000
59320	-4.71000000000000
59340	-4.68000000000000
59360	-4.53000000000000
59380	-4.58000000000000
59400	-4.68000000000000
59420	-4.71000000000000
59440	-4.78000000000000
59460	-4.98000000000000
59480	-5.11000000000000
59500	-5.03000000000000
59520	-4.81000000000000
59540	-4.76000000000000
59560	-4.77000000000000
59580	-4.69000000000000
59600	-4.60000000000000
59620	-4.71000000000000
59640	-4.85000000000000
59660	-4.87000000000000
59680	-4.89000000000000
59700	-4.87000000000000
59720	-4.78000000000000
59740	-4.72000000000000
59760	-4.61000000000000
59780	-4.91000000000000
59800	-4.77000000000000
59820	-4.73000000000000
59840	-4.75000000000000
59860	-4.79000000000000
59880	-4.85000000000000
59900	-4.88000000000000
59920	-4.84000000000000
59940	-4.83000000000000
59960	-4.87000000000000
59980	-4.88000000000000
60000	-4.98000000000000
60020	NaN
60040	NaN
60060	NaN
60080	NaN
60100	NaN
60120	NaN
60140	NaN
60160	NaN
60180	NaN
60200	NaN
60220	NaN
60240	NaN
60260	NaN
60280	NaN
60300	NaN
60320	NaN
60340	NaN
60360	NaN
60380	NaN
60400	NaN
60420	NaN
60440	NaN
60460	NaN
60480	NaN
60500	NaN
60520	NaN
60540	NaN
60560	NaN
60580	NaN
60600	NaN
60620	NaN
60640	NaN
60660	NaN
60680	NaN
60700	NaN
60720	NaN
60740	NaN
60760	NaN
60780	NaN
60800	NaN
60820	NaN
60840	NaN
60860	NaN
60880	NaN
60900	NaN
60920	NaN
60940	NaN
60960	NaN
60980	NaN
61000	NaN
61020	NaN
61040	NaN
61060	NaN
61080	NaN
61100	NaN
61120	NaN
61140	NaN
61160	NaN
61180	NaN
61200	NaN
61220	NaN
61240	NaN
61260	NaN
61280	NaN
61300	NaN
61320	NaN
61340	NaN
61360	NaN
61380	NaN
61400	NaN
61420	NaN
61440	NaN
61460	NaN
61480	NaN
61500	NaN
61520	NaN
61540	NaN
61560	NaN
61580	NaN
61600	NaN
61620	NaN
61640	NaN
61660	NaN
61680	NaN
61700	NaN
61720	NaN
61740	NaN
61760	NaN
61780	NaN
61800	NaN
61820	NaN
61840	NaN
61860	NaN
61880	NaN
61900	NaN
61920	NaN
61940	NaN
61960	NaN
61980	NaN
62000	NaN
62020	NaN
62040	NaN
62060	NaN
62080	NaN
62100	NaN
62120	NaN
62140	NaN
62160	NaN
62180	NaN
62200	NaN
62220	NaN
62240	NaN
62260	NaN
62280	NaN
62300	NaN
62320	NaN
62340	NaN
62360	NaN
62380	NaN
62400	NaN
62420	NaN
62440	NaN
62460	NaN
62480	NaN
62500	NaN
62520	NaN
62540	NaN
62560	NaN
62580	NaN
62600	NaN
62620	NaN
62640	NaN
62660	NaN
62680	NaN
62700	NaN
62720	NaN
62740	NaN
62760	NaN
62780	NaN
62800	NaN
62820	NaN
62840	NaN
62860	NaN
62880	NaN
62900	NaN
62920	NaN
62940	NaN
62960	NaN
62980	NaN
63000	NaN
63020	NaN
63040	NaN
63060	NaN
63080	NaN
63100	NaN
63120	NaN
63140	NaN
63160	NaN
63180	NaN
63200	NaN
63220	NaN
63240	NaN
63260	NaN
63280	NaN
63300	NaN
63320	NaN
63340	NaN
63360	NaN
63380	NaN
63400	NaN
63420	NaN
63440	NaN
63460	NaN
63480	NaN
63500	NaN
63520	NaN
63540	NaN
63560	NaN
63580	NaN
63600	NaN
63620	NaN
63640	NaN
63660	NaN
63680	NaN
63700	NaN
63720	NaN
63740	NaN
63760	NaN
63780	NaN
63800	NaN
63820	NaN
63840	NaN
63860	NaN
63880	NaN
63900	NaN
63920	NaN
63940	NaN
63960	NaN
63980	NaN
64000	NaN
64020	NaN
64040	NaN
64060	NaN
64080	NaN
64100	NaN
64120	NaN
64140	NaN
64160	NaN
64180	NaN
64200	NaN
64220	NaN
64240	NaN
64260	NaN
64280	NaN
64300	NaN
64320	NaN
64340	NaN
64360	NaN
64380	NaN
64400	NaN
64420	NaN
64440	NaN
64460	NaN
64480	NaN
64500	NaN
64520	NaN
64540	NaN
64560	NaN
64580	NaN
64600	NaN
64620	NaN
64640	NaN
64660	NaN
64680	NaN
64700	NaN
64720	NaN
64740	NaN
64760	NaN
64780	NaN
64800	NaN
64820	NaN
64840	NaN
64860	NaN
64880	NaN
64900	NaN
64920	NaN
64940	NaN
64960	NaN
64980	NaN
65000	NaN